rho=1, tau=0.001, err=1e-3, max_iter=100

1011CarNew
i=1:1;j=1:1;k=1:6
patch = 8 	mask_ratio = 0.01 
  1  2  3  4  5  6  7  8  9 10 11 12 13 14 15 16 17 18 19 20 21 22 23 24 25 26 27 28 29 30 31 32 33 34 35 36 37 38 39 40 41 42 43 44 45 46 47 48 49 50 51 52 53 54 55 56 57 58
Err= 0.000984857 	Iter = 59 
PSNR= 27.842 	SSIM= 0.875657 
patch = 8 	mask_ratio = 0.02 
  1  2  3  4  5  6  7  8  9 10 11 12 13 14 15 16 17 18 19 20 21 22 23 24 25 26 27 28 29 30 31 32 33 34 35 36 37 38 39 40 41 42 43 44 45 46 47 48 49 50 51 52 53 54 55 56 57 58 59 60 61 62
Err= 0.000995492 	Iter = 63 
PSNR= 25.6812 	SSIM= 0.8386 
patch = 8 	mask_ratio = 0.03 
  1  2  3  4  5  6  7  8  9 10 11 12 13 14 15 16 17 18 19 20 21 22 23 24 25 26 27 28 29 30 31 32 33 34 35 36 37 38 39 40 41 42 43 44 45 46 47 48 49 50 51 52 53 54 55 56 57 58 59 60 61 62 63 64 65 66 67 68 69 70 71
Err= 0.000996024 	Iter = 72 
PSNR= 24.6241 	SSIM= 0.805111 
patch = 8 	mask_ratio = 0.04 
  1  2  3  4  5  6  7  8  9 10 11 12 13 14 15 16 17 18 19 20 21 22 23 24 25 26 27 28 29 30 31 32 33 34 35 36 37 38 39 40 41 42 43 44 45 46 47 48 49 50 51 52 53 54 55 56 57 58 59 60 61 62 63 64 65 66 67 68 69 70 71 72 73 74 75 76 77 78 79
Err= 0.000988151 	Iter = 80 
PSNR= 22.0571 	SSIM= 0.761943 
patch = 8 	mask_ratio = 0.05 
  1  2  3  4  5  6  7  8  9 10 11 12 13 14 15 16 17 18 19 20 21 22 23 24 25 26 27 28 29 30 31 32 33 34 35 36 37 38 39 40 41 42 43 44 45 46 47 48 49 50 51 52 53 54 55 56 57 58 59 60 61 62 63 64 65 66 67 68 69 70 71 72 73 74 75 76 77 78 79 80
Err= 0.000990351 	Iter = 81 
PSNR= 21.3843 	SSIM= 0.729219 
patch = 8 	mask_ratio = 0.06 
  1  2  3  4  5  6  7  8  9 10 11 12 13 14 15 16 17 18 19 20 21 22 23 24 25 26 27 28 29 30 31 32 33 34 35 36 37 38 39 40 41 42 43 44 45 46 47 48 49 50 51 52 53 54 55 56 57 58 59 60 61 62 63 64 65 66 67 68 69 70 71 72 73 74 75 76 77 78 79 80 81 82 83 84 85
Err= 0.000990141 	Iter = 86 
PSNR= 19.7797 	SSIM= 0.675357 

i=1:1;j=2:6;k=1:7
patch = 12 	mask_ratio = 0.01 
  1  2  3  4  5  6  7  8  9 10 11 12 13 14 15 16 17 18 19 20 21 22 23 24 25 26 27 28 29 30 31 32 33 34 35 36 37 38 39 40 41 42 43 44 45 46 47 48 49 50 51 52 53
Err= 0.000986563 	Iter = 54 
PSNR= 28.647 	SSIM= 0.89639 
patch = 12 	mask_ratio = 0.02 
  1  2  3  4  5  6  7  8  9 10 11 12 13 14 15 16 17 18 19 20 21 22 23 24 25 26 27 28 29 30 31 32 33 34 35 36 37 38 39 40 41 42 43 44 45 46 47 48 49 50 51 52 53 54 55 56 57 58 59 60 61
Err= 0.000984444 	Iter = 62 
PSNR= 26.5452 	SSIM= 0.863795 
patch = 12 	mask_ratio = 0.03 
  1  2  3  4  5  6  7  8  9 10 11 12 13 14 15 16 17 18 19 20 21 22 23 24 25 26 27 28 29 30 31 32 33 34 35 36 37 38 39 40 41 42 43 44 45 46 47 48 49 50 51 52 53 54 55 56 57 58 59 60 61 62 63 64 65
Err= 0.000992111 	Iter = 66 
PSNR= 24.9539 	SSIM= 0.835433 
patch = 12 	mask_ratio = 0.04 
  1  2  3  4  5  6  7  8  9 10 11 12 13 14 15 16 17 18 19 20 21 22 23 24 25 26 27 28 29 30 31 32 33 34 35 36 37 38 39 40 41 42 43 44 45 46 47 48 49 50 51 52 53 54 55 56 57 58 59 60 61 62 63 64 65 66 67 68 69 70 71 72 73 74 75 76 77
Err= 0.000996677 	Iter = 78 
PSNR= 23.0688 	SSIM= 0.782694 
patch = 12 	mask_ratio = 0.05 
  1  2  3  4  5  6  7  8  9 10 11 12 13 14 15 16 17 18 19 20 21 22 23 24 25 26 27 28 29 30 31 32 33 34 35 36 37 38 39 40 41 42 43 44 45 46 47 48 49 50 51 52 53 54 55 56 57 58 59 60 61 62 63 64 65 66 67 68 69 70 71 72 73 74 75 76 77
Err= 0.000999844 	Iter = 78 
PSNR= 22.2779 	SSIM= 0.763887 
patch = 12 	mask_ratio = 0.06 
  1  2  3  4  5  6  7  8  9 10 11 12 13 14 15 16 17 18 19 20 21 22 23 24 25 26 27 28 29 30 31 32 33 34 35 36 37 38 39 40 41 42 43 44 45 46 47 48 49 50 51 52 53 54 55 56 57 58 59 60 61 62 63 64 65 66 67 68 69 70 71 72 73 74 75 76 77 78 79 80 81 82 83 84 85 86 87 88 89 90 91 92 93 94 95 96 97
Err= 0.000996541 	Iter = 98 
PSNR= 19.2978 	SSIM= 0.691815 
patch = 12 	mask_ratio = 0.07 
  1  2  3  4  5  6  7  8  9 10 11 12 13 14 15 16 17 18 19 20 21 22 23 24 25 26 27 28 29 30 31 32 33 34 35 36 37 38 39 40 41 42 43 44 45 46 47 48 49 50 51 52 53 54 55 56 57 58 59 60 61 62 63 64 65 66 67 68 69 70 71 72 73 74 75 76 77 78 79 80 81 82 83 84 85 86 87 88
Err= 0.000987313 	Iter = 89 
PSNR= 18.1724 	SSIM= 0.656295 

patch = 14 	mask_ratio = 0.01 
  1  2  3  4  5  6  7  8  9 10 11 12 13 14 15 16 17 18 19 20 21 22 23 24 25 26 27 28 29 30 31 32 33 34 35 36 37 38 39 40 41 42 43 44 45 46 47 48 49 50 51 52 53
Err= 0.000984278 	Iter = 54 
PSNR= 27.5181 	SSIM= 0.892614 
patch = 14 	mask_ratio = 0.02 
  1  2  3  4  5  6  7  8  9 10 11 12 13 14 15 16 17 18 19 20 21 22 23 24 25 26 27 28 29 30 31 32 33 34 35 36 37 38 39 40 41 42 43 44 45 46 47 48 49 50 51 52 53 54 55 56 57 58 59
Err= 0.000971892 	Iter = 60 
PSNR= 26.0916 	SSIM= 0.856641 
patch = 14 	mask_ratio = 0.03 
  1  2  3  4  5  6  7  8  9 10 11 12 13 14 15 16 17 18 19 20 21 22 23 24 25 26 27 28 29 30 31 32 33 34 35 36 37 38 39 40 41 42 43 44 45 46 47 48 49 50 51 52 53 54 55 56 57 58 59 60 61 62 63 64 65 66 67 68 69
Err= 0.000994906 	Iter = 70 
PSNR= 22.6378 	SSIM= 0.8052 
patch = 14 	mask_ratio = 0.04 
  1  2  3  4  5  6  7  8  9 10 11 12 13 14 15 16 17 18 19 20 21 22 23 24 25 26 27 28 29 30 31 32 33 34 35 36 37 38 39 40 41 42 43 44 45 46 47 48 49 50 51 52 53 54 55 56 57 58 59 60 61 62 63 64 65 66 67 68 69 70 71 72 73 74 75 76 77 78 79 80
Err= 0.000966884 	Iter = 81 
PSNR= 21.6659 	SSIM= 0.7693 
patch = 14 	mask_ratio = 0.05 
  1  2  3  4  5  6  7  8  9 10 11 12 13 14 15 16 17 18 19 20 21 22 23 24 25 26 27 28 29 30 31 32 33 34 35 36 37 38 39 40 41 42 43 44 45 46 47 48 49 50 51 52 53 54 55 56 57 58 59 60 61 62 63 64 65 66 67 68 69 70 71 72 73 74 75 76 77 78 79 80 81
Err= 0.000966788 	Iter = 82 
PSNR= 21.5931 	SSIM= 0.734355 
patch = 14 	mask_ratio = 0.06 
  1  2  3  4  5  6  7  8  9 10 11 12 13 14 15 16 17 18 19 20 21 22 23 24 25 26 27 28 29 30 31 32 33 34 35 36 37 38 39 40 41 42 43 44 45 46 47 48 49 50 51 52 53 54 55 56 57 58 59 60 61 62 63 64 65 66 67 68 69 70 71 72 73 74 75 76 77 78 79 80 81 82 83 84 85
Err= 0.00098931 	Iter = 86 
PSNR= 18.9218 	SSIM= 0.655807 
patch = 14 	mask_ratio = 0.07 
  1  2  3  4  5  6  7  8  9 10 11 12 13 14 15 16 17 18 19 20 21 22 23 24 25 26 27 28 29 30 31 32 33 34 35 36 37 38 39 40 41 42 43 44 45 46 47 48 49 50 51 52 53 54 55 56 57 58 59 60 61 62 63 64 65 66 67 68 69 70 71 72 73 74 75 76 77 78 79 80 81 82 83 84 85
Err= 0.000983209 	Iter = 86 
PSNR= 17.6783 	SSIM= 0.61175 

patch = 16 	mask_ratio = 0.01 
  1  2  3  4  5  6  7  8  9 10 11 12 13 14 15 16 17 18 19 20 21 22 23 24 25 26 27 28 29 30 31 32 33 34 35 36 37 38 39 40 41 42 43 44 45 46 47 48 49 50 51 52 53 54
Err= 0.000998181 	Iter = 55 
PSNR= 27.3734 	SSIM= 0.885507 
patch = 16 	mask_ratio = 0.02 
  1  2  3  4  5  6  7  8  9 10 11 12 13 14 15 16 17 18 19 20 21 22 23 24 25 26 27 28 29 30 31 32 33 34 35 36 37 38 39 40 41 42 43 44 45 46 47 48 49 50 51 52 53 54 55 56 57 58 59 60 61
Err= 0.000993236 	Iter = 62 
PSNR= 23.3616 	SSIM= 0.842856 
patch = 16 	mask_ratio = 0.03 
  1  2  3  4  5  6  7  8  9 10 11 12 13 14 15 16 17 18 19 20 21 22 23 24 25 26 27 28 29 30 31 32 33 34 35 36 37 38 39 40 41 42 43 44 45 46 47 48 49 50 51 52 53 54 55 56 57 58 59 60 61 62 63 64 65 66 67 68
Err= 0.000984682 	Iter = 69 
PSNR= 24.4898 	SSIM= 0.814128 
patch = 16 	mask_ratio = 0.04 
  1  2  3  4  5  6  7  8  9 10 11 12 13 14 15 16 17 18 19 20 21 22 23 24 25 26 27 28 29 30 31 32 33 34 35 36 37 38 39 40 41 42 43 44 45 46 47 48 49 50 51 52 53 54 55 56 57 58 59 60 61 62 63 64 65 66 67 68 69 70 71 72 73 74
Err= 0.000989443 	Iter = 75 
PSNR= 19.6791 	SSIM= 0.734147 
patch = 16 	mask_ratio = 0.05 
  1  2  3  4  5  6  7  8  9 10 11 12 13 14 15 16 17 18 19 20 21 22 23 24 25 26 27 28 29 30 31 32 33 34 35 36 37 38 39 40 41 42 43 44 45 46 47 48 49 50 51 52 53 54 55 56 57 58 59 60 61 62 63 64 65 66 67 68 69 70 71 72 73 74 75 76 77 78 79 80 81 82 83 84 85 86 87 88 89 90 91 92 93
Err= 0.000973121 	Iter = 94 
PSNR= 18.8193 	SSIM= 0.694797 
patch = 16 	mask_ratio = 0.06 
  1  2  3  4  5  6  7  8  9 10 11 12 13 14 15 16 17 18 19 20 21 22 23 24 25 26 27 28 29 30 31 32 33 34 35 36 37 38 39 40 41 42 43 44 45 46 47 48 49 50 51 52 53 54 55 56 57 58 59 60 61 62 63 64 65 66 67 68 69 70 71 72 73 74 75 76 77 78 79 80 81 82 83 84 85 86 87 88
Err= 0.000990679 	Iter = 89 
PSNR= 17.4224 	SSIM= 0.641269 
patch = 16 	mask_ratio = 0.07 
  1  2  3  4  5  6  7  8  9 10 11 12 13 14 15 16 17 18 19 20 21 22 23 24 25 26 27 28 29 30 31 32 33 34 35 36 37 38 39 40 41 42 43 44 45 46 47 48 49 50 51 52 53 54 55 56 57 58 59 60 61 62 63 64 65 66 67 68 69 70 71 72 73 74 75 76 77 78 79 80 81 82 83 84 85 86 87 88 89 90 91 92
Err= 0.00099702 	Iter = 93 
PSNR= 17.208 	SSIM= 0.599468 

patch = 24 	mask_ratio = 0.01 
  1  2  3  4  5  6  7  8  9 10 11 12 13 14 15 16 17 18 19 20 21 22 23 24 25 26 27 28 29 30 31 32 33 34 35 36 37 38 39 40 41 42 43 44 45 46 47 48 49 50 51 52 53 54
Err= 0.000986449 	Iter = 55 
PSNR= 26.9114 	SSIM= 0.894188 
patch = 24 	mask_ratio = 0.02 
  1  2  3  4  5  6  7  8  9 10 11 12 13 14 15 16 17 18 19 20 21 22 23 24 25 26 27 28 29 30 31 32 33 34 35 36 37 38 39 40 41 42 43 44 45 46 47 48 49 50 51 52 53 54 55 56 57 58 59 60
Err= 0.000985161 	Iter = 61 
PSNR= 23.6495 	SSIM= 0.853754 
patch = 24 	mask_ratio = 0.03 
  1  2  3  4  5  6  7  8  9 10 11 12 13 14 15 16 17 18 19 20 21 22 23 24 25 26 27 28 29 30 31 32 33 34 35 36 37 38 39 40 41 42 43 44 45 46 47 48 49 50 51 52 53 54 55 56 57 58 59 60
Err= 0.000999984 	Iter = 61 
PSNR= 23.1427 	SSIM= 0.821301 
patch = 24 	mask_ratio = 0.04 
  1  2  3  4  5  6  7  8  9 10 11 12 13 14 15 16 17 18 19 20 21 22 23 24 25 26 27 28 29 30 31 32 33 34 35 36 37 38 39 40 41 42 43 44 45 46 47 48 49 50 51 52 53 54 55 56 57 58 59 60 61 62 63 64 65 66 67 68 69 70
Err= 0.000992844 	Iter = 71 
PSNR= 20.2004 	SSIM= 0.741042 
patch = 24 	mask_ratio = 0.05 
  1  2  3  4  5  6  7  8  9 10 11 12 13 14 15 16 17 18 19 20 21 22 23 24 25 26 27 28 29 30 31 32 33 34 35 36 37 38 39 40 41 42 43 44 45 46 47 48 49 50 51 52 53 54 55 56 57 58 59 60 61 62 63 64 65 66 67 68 69 70 71 72 73 74 75 76 77 78
Err= 0.0009966 	Iter = 79 
PSNR= 18.1414 	SSIM= 0.720093 
patch = 24 	mask_ratio = 0.06 
  1  2  3  4  5  6  7  8  9 10 11 12 13 14 15 16 17 18 19 20 21 22 23 24 25 26 27 28 29 30 31 32 33 34 35 36 37 38 39 40 41 42 43 44 45 46 47 48 49 50 51 52 53 54 55 56 57 58 59 60 61 62 63 64 65 66 67 68 69 70 71 72 73 74 75 76 77 78 79 80 81 82 83 84 85 86 87 88 89 90 91 92 93
Err= 0.000986316 	Iter = 94 
PSNR= 17.7525 	SSIM= 0.657318 
patch = 24 	mask_ratio = 0.07 
  1  2  3  4  5  6  7  8  9 10 11 12 13 14 15 16 17 18 19 20 21 22 23 24 25 26 27 28 29 30 31 32 33 34 35 36 37 38 39 40 41 42 43 44 45 46 47 48 49 50 51 52 53 54 55 56 57 58 59 60 61 62 63 64 65 66 67 68 69 70 71 72 73 74 75 76 77 78 79 80 81 82 83 84 85 86 87 88 89 90 91 92 93
Err= 0.000989927 	Iter = 94 
PSNR= 16.5209 	SSIM= 0.568372 

patch = 32 	mask_ratio = 0.01 
  1  2  3  4  5  6  7  8  9 10 11 12 13 14 15 16 17 18 19 20 21 22 23 24 25 26 27 28 29 30 31 32 33 34 35 36 37 38 39 40 41 42 43 44 45 46 47 48 49 50 51 52
Err= 0.000990503 	Iter = 53 
PSNR= 25.3463 	SSIM= 0.889741 
patch = 32 	mask_ratio = 0.02 
  1  2  3  4  5  6  7  8  9 10 11 12 13 14 15 16 17 18 19 20 21 22 23 24 25 26 27 28 29 30 31 32 33 34 35 36 37 38 39 40 41 42 43 44 45 46 47 48 49 50 51 52 53 54 55 56 57 58 59 60
Err= 0.000992115 	Iter = 61 
PSNR= 23.3753 	SSIM= 0.832643 
patch = 32 	mask_ratio = 0.03 
  1  2  3  4  5  6  7  8  9 10 11 12 13 14 15 16 17 18 19 20 21 22 23 24 25 26 27 28 29 30 31 32 33 34 35 36 37 38 39 40 41 42 43 44 45 46 47 48 49 50 51 52 53 54 55 56 57 58 59 60 61 62 63 64 65 66 67 68 69 70 71 72 73 74 75 76 77
Err= 0.00098615 	Iter = 78 
PSNR= 19.7506 	SSIM= 0.777213 
patch = 32 	mask_ratio = 0.04 
  1  2  3  4  5  6  7  8  9 10 11 12 13 14 15 16 17 18 19 20 21 22 23 24 25 26 27 28 29 30 31 32 33 34 35 36 37 38 39 40 41 42 43 44 45 46 47 48 49 50 51 52 53 54 55 56 57 58 59 60 61 62 63 64 65 66 67 68 69 70
Err= 0.000996338 	Iter = 71 
PSNR= 21.3057 	SSIM= 0.782385 
patch = 32 	mask_ratio = 0.05 
  1  2  3  4  5  6  7  8  9 10 11 12 13 14 15 16 17 18 19 20 21 22 23 24 25 26 27 28 29 30 31 32 33 34 35 36 37 38 39 40 41 42 43 44 45 46 47 48 49 50 51 52 53 54 55 56 57 58 59 60 61 62 63 64 65 66 67 68 69
Err= 0.000987027 	Iter = 70 
PSNR= 18.5292 	SSIM= 0.683657 
patch = 32 	mask_ratio = 0.06 
  1  2  3  4  5  6  7  8  9 10 11 12 13 14 15 16 17 18 19 20 21 22 23 24 25 26 27 28 29 30 31 32 33 34 35 36 37 38 39 40 41 42 43 44 45 46 47 48 49 50 51 52 53 54 55 56 57 58 59 60 61 62 63 64 65 66 67 68 69 70 71 72 73 74 75 76 77 78 79 80 81
Err= 0.000990637 	Iter = 82 
PSNR= 16.7548 	SSIM= 0.595067 
patch = 32 	mask_ratio = 0.07 
  1  2  3  4  5  6  7  8  9 10 11 12 13 14 15 16 17 18 19 20 21 22 23 24 25 26 27 28 29 30 31 32 33 34 35 36 37 38 39 40 41 42 43 44 45 46 47 48 49 50 51 52 53 54 55 56 57 58 59 60 61 62 63 64 65 66 67 68 69 70 71 72 73 74 75 76 77 78 79 80 81 82 83 84 85 86 87
Err= 0.000965005 	Iter = 88 
PSNR= 15.4008 	SSIM= 0.595367 

i=2:5;j=1:6;k=1:7
1011RunningNew
patch = 8 	mask_ratio = 0.01 
  1  2  3  4  5  6  7  8  9 10 11 12 13 14 15 16 17 18 19 20 21 22 23 24 25 26 27
Err= 0.000991432 	Iter = 28 
PSNR= 38.6414 	SSIM= 0.971832 
patch = 8 	mask_ratio = 0.02 
  1  2  3  4  5  6  7  8  9 10 11 12 13 14 15 16 17 18 19 20 21 22 23 24 25 26 27 28 29 30 31 32 33 34
Err= 0.000985977 	Iter = 35 
PSNR= 34.3766 	SSIM= 0.955817 
patch = 8 	mask_ratio = 0.03 
  1  2  3  4  5  6  7  8  9 10 11 12 13 14 15 16 17 18 19 20 21 22 23 24 25 26 27 28 29 30 31 32 33 34 35 36 37 38 39 40 41
Err= 0.000996177 	Iter = 42 
PSNR= 33.0636 	SSIM= 0.942772 
patch = 8 	mask_ratio = 0.04 
  1  2  3  4  5  6  7  8  9 10 11 12 13 14 15 16 17 18 19 20 21 22 23 24 25 26 27 28 29 30 31 32 33 34 35 36 37 38 39 40 41 42 43 44 45
Err= 0.000995629 	Iter = 46 
PSNR= 30.8587 	SSIM= 0.926083 
patch = 8 	mask_ratio = 0.05 
  1  2  3  4  5  6  7  8  9 10 11 12 13 14 15 16 17 18 19 20 21 22 23 24 25 26 27 28 29 30 31 32 33 34 35 36 37 38 39 40 41 42 43 44 45 46 47 48 49
Err= 0.000996797 	Iter = 50 
PSNR= 29.607 	SSIM= 0.905435 
patch = 8 	mask_ratio = 0.06 
  1  2  3  4  5  6  7  8  9 10 11 12 13 14 15 16 17 18 19 20 21 22 23 24 25 26 27 28 29 30 31 32 33 34 35 36 37 38 39 40 41 42 43 44 45 46 47 48 49 50 51 52 53 54 55 56 57 58 59 60 61 62 63 64
Err= 0.000995493 	Iter = 65 
PSNR= 28.815 	SSIM= 0.87997 
patch = 8 	mask_ratio = 0.07 
  1  2  3  4  5  6  7  8  9 10 11 12 13 14 15 16 17 18 19 20 21 22 23 24 25 26 27 28 29 30 31 32 33 34 35 36 37 38 39 40 41 42 43 44 45 46 47 48 49 50 51 52 53 54 55 56 57 58 59 60 61 62 63 64 65
Err= 0.000998677 	Iter = 66 
PSNR= 26.6438 	SSIM= 0.839742 

patch = 12 	mask_ratio = 0.01 
  1  2  3  4  5  6  7  8  9 10 11 12 13 14 15 16 17 18 19 20 21 22 23 24 25 26
Err= 0.000980282 	Iter = 27 
PSNR= 37.1947 	SSIM= 0.968623 
patch = 12 	mask_ratio = 0.02 
  1  2  3  4  5  6  7  8  9 10 11 12 13 14 15 16 17 18 19 20 21 22 23 24 25 26 27 28 29 30 31 32 33 34 35
Err= 0.000986025 	Iter = 36 
PSNR= 34.1734 	SSIM= 0.954064 
patch = 12 	mask_ratio = 0.03 
  1  2  3  4  5  6  7  8  9 10 11 12 13 14 15 16 17 18 19 20 21 22 23 24 25 26 27 28 29 30 31 32 33 34 35 36 37 38 39 40 41 42 43 44 45
Err= 0.000997388 	Iter = 46 
PSNR= 31.9047 	SSIM= 0.934071 
patch = 12 	mask_ratio = 0.04 
  1  2  3  4  5  6  7  8  9 10 11 12 13 14 15 16 17 18 19 20 21 22 23 24 25 26 27 28 29 30 31 32 33 34 35 36 37 38 39 40 41 42 43 44 45 46 47 48 49 50 51 52
Err= 0.000976244 	Iter = 53 
PSNR= 30.3967 	SSIM= 0.91193 
patch = 12 	mask_ratio = 0.05 
  1  2  3  4  5  6  7  8  9 10 11 12 13 14 15 16 17 18 19 20 21 22 23 24 25 26 27 28 29 30 31 32 33 34 35 36 37 38 39 40 41 42 43 44 45 46 47 48 49 50
Err= 0.000981995 	Iter = 51 
PSNR= 28.4427 	SSIM= 0.888966 
patch = 12 	mask_ratio = 0.06 
  1  2  3  4  5  6  7  8  9 10 11 12 13 14 15 16 17 18 19 20 21 22 23 24 25 26 27 28 29 30 31 32 33 34 35 36 37 38 39 40 41 42 43 44 45 46 47 48 49 50 51 52 53 54 55 56 57 58 59 60 61 62
Err= 0.000966163 	Iter = 63 
PSNR= 26.5721 	SSIM= 0.857793 
patch = 12 	mask_ratio = 0.07 
  1  2  3  4  5  6  7  8  9 10 11 12 13 14 15 16 17 18 19 20 21 22 23 24 25 26 27 28 29 30 31 32 33 34 35 36 37 38 39 40 41 42 43 44 45 46 47 48 49 50 51 52 53 54 55 56 57 58 59 60 61 62 63 64 65 66 67 68 69 70 71 72 73 74
Err= 0.000981814 	Iter = 75 
PSNR= 24.8245 	SSIM= 0.810367 

patch = 14 	mask_ratio = 0.01 
  1  2  3  4  5  6  7  8  9 10 11 12 13 14 15 16 17 18 19 20 21 22 23 24 25 26 27 28 29 30 31 32 33 34 35 36
Err= 0.000994006 	Iter = 37 
PSNR= 34.1034 	SSIM= 0.95748 
patch = 14 	mask_ratio = 0.02 
  1  2  3  4  5  6  7  8  9 10 11 12 13 14 15 16 17 18 19 20 21 22 23 24 25 26 27 28 29 30 31 32 33 34 35 36 37 38 39 40 41 42 43
Err= 0.000964231 	Iter = 44 
PSNR= 33.7336 	SSIM= 0.946632 
patch = 14 	mask_ratio = 0.03 
  1  2  3  4  5  6  7  8  9 10 11 12 13 14 15 16 17 18 19 20 21 22 23 24 25 26 27 28 29 30 31 32 33 34 35 36 37 38 39 40 41 42 43 44 45 46 47 48 49 50 51
Err= 0.000996732 	Iter = 52 
PSNR= 30.5855 	SSIM= 0.92107 
patch = 14 	mask_ratio = 0.04 
  1  2  3  4  5  6  7  8  9 10 11 12 13 14 15 16 17 18 19 20 21 22 23 24 25 26 27 28 29 30 31 32 33 34 35 36 37 38 39 40 41 42 43 44 45 46 47 48 49 50 51 52 53
Err= 0.000984237 	Iter = 54 
PSNR= 29.5872 	SSIM= 0.907592 
patch = 14 	mask_ratio = 0.05 
  1  2  3  4  5  6  7  8  9 10 11 12 13 14 15 16 17 18 19 20 21 22 23 24 25 26 27 28 29 30 31 32 33 34 35 36 37 38 39 40 41 42 43 44 45 46 47 48 49 50 51 52 53 54 55 56 57 58 59 60 61
Err= 0.000990624 	Iter = 62 
PSNR= 26.2716 	SSIM= 0.857391 
patch = 14 	mask_ratio = 0.06 
  1  2  3  4  5  6  7  8  9 10 11 12 13 14 15 16 17 18 19 20 21 22 23 24 25 26 27 28 29 30 31 32 33 34 35 36 37 38 39 40 41 42 43 44 45 46 47 48 49 50 51 52 53 54 55 56 57 58 59 60 61 62 63 64 65 66 67 68
Err= 0.000978658 	Iter = 69 
PSNR= 25.3518 	SSIM= 0.839094 
patch = 14 	mask_ratio = 0.07 
  1  2  3  4  5  6  7  8  9 10 11 12 13 14 15 16 17 18 19 20 21 22 23 24 25 26 27 28 29 30 31 32 33 34 35 36 37 38 39 40 41 42 43 44 45 46 47 48 49 50 51 52 53 54 55 56 57 58 59 60 61 62 63 64 65 66 67 68 69 70 71 72
Err= 0.000990866 	Iter = 73 
PSNR= 24.599 	SSIM= 0.809392 

patch = 16 	mask_ratio = 0.01 
  1  2  3  4  5  6  7  8  9 10 11 12 13 14 15 16 17 18 19 20 21 22 23 24 25 26 27 28 29 30 31 32 33 34 35
Err= 0.000996163 	Iter = 36 
PSNR= 34.3766 	SSIM= 0.958348 
patch = 16 	mask_ratio = 0.02 
  1  2  3  4  5  6  7  8  9 10 11 12 13 14 15 16 17 18 19 20 21 22 23 24 25 26 27 28 29 30 31 32 33 34 35 36 37 38 39 40 41 42 43 44 45 46 47
Err= 0.000987447 	Iter = 48 
PSNR= 32.8664 	SSIM= 0.943229 
patch = 16 	mask_ratio = 0.03 
  1  2  3  4  5  6  7  8  9 10 11 12 13 14 15 16 17 18 19 20 21 22 23 24 25 26 27 28 29 30 31 32 33 34 35 36 37 38 39 40 41 42 43 44 45 46 47 48 49 50 51
Err= 0.000967004 	Iter = 52 
PSNR= 31.0604 	SSIM= 0.922625 
patch = 16 	mask_ratio = 0.04 
  1  2  3  4  5  6  7  8  9 10 11 12 13 14 15 16 17 18 19 20 21 22 23 24 25 26 27 28 29 30 31 32 33 34 35 36 37 38 39 40 41 42 43 44 45 46 47 48 49 50 51 52 53 54
Err= 0.000999615 	Iter = 55 
PSNR= 25.6934 	SSIM= 0.851187 
patch = 16 	mask_ratio = 0.05 
  1  2  3  4  5  6  7  8  9 10 11 12 13 14 15 16 17 18 19 20 21 22 23 24 25 26 27 28 29 30 31 32 33 34 35 36 37 38 39 40 41 42 43 44 45 46 47 48 49 50 51 52 53 54 55 56 57 58 59 60 61
Err= 0.000989987 	Iter = 62 
PSNR= 27.9454 	SSIM= 0.879516 
patch = 16 	mask_ratio = 0.06 
  1  2  3  4  5  6  7  8  9 10 11 12 13 14 15 16 17 18 19 20 21 22 23 24 25 26 27 28 29 30 31 32 33 34 35 36 37 38 39 40 41 42 43 44 45 46 47 48 49 50 51 52 53 54 55 56 57 58 59 60 61 62 63 64 65 66 67 68 69 70 71 72 73
Err= 0.000976252 	Iter = 74 
PSNR= 23.9172 	SSIM= 0.802645 
patch = 16 	mask_ratio = 0.07 
  1  2  3  4  5  6  7  8  9 10 11 12 13 14 15 16 17 18 19 20 21 22 23 24 25 26 27 28 29 30 31 32 33 34 35 36 37 38 39 40 41 42 43 44 45 46 47 48 49 50 51 52 53 54 55 56 57 58 59 60 61 62 63 64 65 66 67 68 69 70 71 72 73 74 75 76 77 78 79 80 81 82 83 84 85 86 87 88 89 90
Err= 0.000985781 	Iter = 91 
PSNR= 22.5497 	SSIM= 0.761315 

patch = 24 	mask_ratio = 0.01 
  1  2  3  4  5  6  7  8  9 10 11 12 13 14 15 16 17 18 19 20 21 22 23 24 25 26 27 28 29 30 31
Err= 0.000963202 	Iter = 32 
PSNR= 34.7179 	SSIM= 0.960173 
patch = 24 	mask_ratio = 0.02 
  1  2  3  4  5  6  7  8  9 10 11 12 13 14 15 16 17 18 19 20 21 22 23 24 25 26 27 28 29 30 31 32 33 34 35 36 37
Err= 0.000967887 	Iter = 38 
PSNR= 32.9673 	SSIM= 0.949481 
patch = 24 	mask_ratio = 0.03 
  1  2  3  4  5  6  7  8  9 10 11 12 13 14 15 16 17 18 19 20 21 22 23 24 25 26 27 28 29 30 31 32 33 34 35 36 37 38 39 40 41 42 43 44
Err= 0.000979071 	Iter = 45 
PSNR= 30.5148 	SSIM= 0.926258 
patch = 24 	mask_ratio = 0.04 
  1  2  3  4  5  6  7  8  9 10 11 12 13 14 15 16 17 18 19 20 21 22 23 24 25 26 27 28 29 30 31 32 33 34 35 36 37 38 39 40 41 42 43 44 45 46
Err= 0.000993077 	Iter = 47 
PSNR= 28.0755 	SSIM= 0.88602 
patch = 24 	mask_ratio = 0.05 
  1  2  3  4  5  6  7  8  9 10 11 12 13 14 15 16 17 18 19 20 21 22 23 24 25 26 27 28 29 30 31 32 33 34 35 36 37 38 39 40 41 42 43 44 45 46 47 48 49 50 51 52 53 54 55 56 57 58
Err= 0.000987818 	Iter = 59 
PSNR= 25.8627 	SSIM= 0.855146 
patch = 24 	mask_ratio = 0.06 
  1  2  3  4  5  6  7  8  9 10 11 12 13 14 15 16 17 18 19 20 21 22 23 24 25 26 27 28 29 30 31 32 33 34 35 36 37 38 39 40 41 42 43 44 45 46 47 48 49 50 51 52 53 54 55 56 57 58 59 60 61
Err= 0.000996973 	Iter = 62 
PSNR= 26.1098 	SSIM= 0.848539 
patch = 24 	mask_ratio = 0.07 
  1  2  3  4  5  6  7  8  9 10 11 12 13 14 15 16 17 18 19 20 21 22 23 24 25 26 27 28 29 30 31 32 33 34 35 36 37 38 39 40 41 42 43 44 45 46 47 48 49 50 51 52 53 54 55 56 57 58 59 60 61 62 63 64 65 66 67 68 69 70 71 72 73 74 75 76
Err= 0.000996371 	Iter = 77 
PSNR= 23.9832 	SSIM= 0.768625 

patch = 32 	mask_ratio = 0.01 
  1  2  3  4  5  6  7  8  9 10 11 12 13 14 15 16 17 18 19 20 21 22 23 24 25 26 27 28 29 30 31 32 33 34 35 36 37 38 39
Err= 0.000938502 	Iter = 40 
PSNR= 35.8863 	SSIM= 0.962847 
patch = 32 	mask_ratio = 0.02 
  1  2  3  4  5  6  7  8  9 10 11 12 13 14 15 16 17 18 19 20 21 22 23 24 25 26 27 28 29 30 31 32 33 34 35 36 37 38 39 40 41
Err= 0.000978928 	Iter = 42 
PSNR= 30.2069 	SSIM= 0.92837 
patch = 32 	mask_ratio = 0.03 
  1  2  3  4  5  6  7  8  9 10 11 12 13 14 15 16 17 18 19 20 21 22 23 24 25 26 27 28 29 30 31 32 33 34 35 36 37 38 39 40 41 42
Err= 0.000980414 	Iter = 43 
PSNR= 29.6187 	SSIM= 0.907215 
patch = 32 	mask_ratio = 0.04 
  1  2  3  4  5  6  7  8  9 10 11 12 13 14 15 16 17 18 19 20 21 22 23 24 25 26 27 28 29 30 31 32 33 34 35 36 37 38 39 40 41 42 43 44 45 46 47 48 49 50
Err= 0.000995951 	Iter = 51 
PSNR= 27.4397 	SSIM= 0.884014 
patch = 32 	mask_ratio = 0.05 
  1  2  3  4  5  6  7  8  9 10 11 12 13 14 15 16 17 18 19 20 21 22 23 24 25 26 27 28 29 30 31 32 33 34 35 36 37 38 39 40 41 42 43 44 45 46 47 48 49 50 51 52 53 54 55 56 57 58 59 60 61 62
Err= 0.000981539 	Iter = 63 
PSNR= 24.2131 	SSIM= 0.799879 
patch = 32 	mask_ratio = 0.06 
  1  2  3  4  5  6  7  8  9 10 11 12 13 14 15 16 17 18 19 20 21 22 23 24 25 26 27 28 29 30 31 32 33 34 35 36 37 38 39 40 41 42 43 44 45 46 47 48 49 50 51 52 53 54 55 56 57 58 59 60 61 62
Err= 0.000987948 	Iter = 63 
PSNR= 21.6082 	SSIM= 0.744825 
patch = 32 	mask_ratio = 0.07 
  1  2  3  4  5  6  7  8  9 10 11 12 13 14 15 16 17 18 19 20 21 22 23 24 25 26 27 28 29 30 31 32 33 34 35 36 37 38 39 40 41 42 43 44 45 46 47 48 49 50 51 52 53 54 55 56 57 58 59 60 61 62 63 64 65 66 67 68 69 70 71 72
Err= 0.000963676 	Iter = 73 
PSNR= 20.7759 	SSIM= 0.695358 

1012CatNew
patch = 8 	mask_ratio = 0.01 
  1  2  3  4  5  6  7  8  9 10 11 12 13 14 15 16 17 18 19 20 21 22 23 24 25 26 27 28
Err= 0.000998751 	Iter = 29 
PSNR= 32.3047 	SSIM= 0.976889 
patch = 8 	mask_ratio = 0.02 
  1  2  3  4  5  6  7  8  9 10 11 12 13 14 15 16 17 18 19 20 21 22 23 24 25 26 27 28 29 30 31 32 33 34 35 36 37 38 39
Err= 0.000988822 	Iter = 40 
PSNR= 28.6233 	SSIM= 0.9603 
patch = 8 	mask_ratio = 0.03 
  1  2  3  4  5  6  7  8  9 10 11 12 13 14 15 16 17 18 19 20 21 22 23 24 25 26 27 28 29 30 31 32 33 34 35 36 37 38 39 40 41 42 43 44 45 46
Err= 0.000986021 	Iter = 47 
PSNR= 27.2636 	SSIM= 0.946819 
patch = 8 	mask_ratio = 0.04 
  1  2  3  4  5  6  7  8  9 10 11 12 13 14 15 16 17 18 19 20 21 22 23 24 25 26 27 28 29 30 31 32 33 34 35 36 37 38 39 40 41 42 43 44 45 46 47 48 49 50
Err= 0.000984534 	Iter = 51 
PSNR= 24.6082 	SSIM= 0.920926 
patch = 8 	mask_ratio = 0.05 
  1  2  3  4  5  6  7  8  9 10 11 12 13 14 15 16 17 18 19 20 21 22 23 24 25 26 27 28 29 30 31 32 33 34 35 36 37 38 39 40 41 42 43 44 45 46 47 48 49 50 51 52 53 54 55 56 57
Err= 0.000993213 	Iter = 58 
PSNR= 22.9376 	SSIM= 0.8899 
patch = 8 	mask_ratio = 0.06 
  1  2  3  4  5  6  7  8  9 10 11 12 13 14 15 16 17 18 19 20 21 22 23 24 25 26 27 28 29 30 31 32 33 34 35 36 37 38 39 40 41 42 43 44 45 46 47 48 49 50 51 52 53 54 55 56 57 58 59 60 61 62 63 64 65 66 67 68 69 70 71 72
Err= 0.00098742 	Iter = 73 
PSNR= 20.675 	SSIM= 0.848786 
patch = 8 	mask_ratio = 0.07 
  1  2  3  4  5  6  7  8  9 10 11 12 13 14 15 16 17 18 19 20 21 22 23 24 25 26 27 28 29 30 31 32 33 34 35 36 37 38 39 40 41 42 43 44 45 46 47 48 49 50 51 52 53 54 55 56 57 58 59 60 61 62 63 64 65 66 67 68 69 70 71 72 73 74 75 76 77 78 79 80 81 82 83 84 85 86 87 88 89 90
Err= 0.000987567 	Iter = 91 
PSNR= 18.1728 	SSIM= 0.793925 

patch = 12 	mask_ratio = 0.01 
  1  2  3  4  5  6  7  8  9 10 11 12 13 14 15 16 17 18 19 20 21 22 23 24
Err= 0.000968826 	Iter = 25 
PSNR= 33.4675 	SSIM= 0.981265 
patch = 12 	mask_ratio = 0.02 
  1  2  3  4  5  6  7  8  9 10 11 12 13 14 15 16 17 18 19 20 21 22 23 24 25 26 27 28 29 30 31 32 33 34 35 36 37
Err= 0.000990864 	Iter = 38 
PSNR= 27.6125 	SSIM= 0.956582 
patch = 12 	mask_ratio = 0.03 
  1  2  3  4  5  6  7  8  9 10 11 12 13 14 15 16 17 18 19 20 21 22 23 24 25 26 27 28 29 30 31 32 33 34 35 36 37 38 39 40 41 42 43 44 45 46 47 48 49 50
Err= 0.000981847 	Iter = 51 
PSNR= 23.5805 	SSIM= 0.924561 
patch = 12 	mask_ratio = 0.04 
  1  2  3  4  5  6  7  8  9 10 11 12 13 14 15 16 17 18 19 20 21 22 23 24 25 26 27 28 29 30 31 32 33 34 35 36 37 38 39 40 41 42 43 44 45 46 47 48 49 50 51 52 53 54 55 56 57 58
Err= 0.000995186 	Iter = 59 
PSNR= 22.5355 	SSIM= 0.892681 
patch = 12 	mask_ratio = 0.05 
  1  2  3  4  5  6  7  8  9 10 11 12 13 14 15 16 17 18 19 20 21 22 23 24 25 26 27 28 29 30 31 32 33 34 35 36 37 38 39 40 41 42 43 44 45 46 47 48 49 50 51 52 53 54 55 56 57 58 59 60
Err= 0.000986629 	Iter = 61 
PSNR= 21.365 	SSIM= 0.879685 
patch = 12 	mask_ratio = 0.06 
  1  2  3  4  5  6  7  8  9 10 11 12 13 14 15 16 17 18 19 20 21 22 23 24 25 26 27 28 29 30 31 32 33 34 35 36 37 38 39 40 41 42 43 44 45 46 47 48 49 50 51 52 53 54 55 56 57 58 59 60 61 62 63 64 65 66 67 68 69 70 71 72 73 74 75
Err= 0.000971927 	Iter = 76 
PSNR= 18.3653 	SSIM= 0.816746 
patch = 12 	mask_ratio = 0.07 
  1  2  3  4  5  6  7  8  9 10 11 12 13 14 15 16 17 18 19 20 21 22 23 24 25 26 27 28 29 30 31 32 33 34 35 36 37 38 39 40 41 42 43 44 45 46 47 48 49 50 51 52 53 54 55 56 57 58 59 60 61 62 63 64 65 66 67 68 69 70 71 72 73 74 75 76 77 78 79 80 81
Err= 0.000990649 	Iter = 82 
PSNR= 16.2661 	SSIM= 0.760893 

patch = 14 	mask_ratio = 0.01 
  1  2  3  4  5  6  7  8  9 10 11 12 13 14 15 16 17 18 19 20 21 22 23 24 25 26 27 28 29 30 31 32
Err= 0.000988658 	Iter = 33 
PSNR= 29.6593 	SSIM= 0.972995 
patch = 14 	mask_ratio = 0.02 
  1  2  3  4  5  6  7  8  9 10 11 12 13 14 15 16 17 18 19 20 21 22 23 24 25 26 27 28 29 30 31 32 33 34 35 36 37 38 39 40 41 42 43 44
Err= 0.000983661 	Iter = 45 
PSNR= 25.8076 	SSIM= 0.94138 
patch = 14 	mask_ratio = 0.03 
  1  2  3  4  5  6  7  8  9 10 11 12 13 14 15 16 17 18 19 20 21 22 23 24 25 26 27 28 29 30 31 32 33 34 35 36 37 38 39 40 41 42 43 44 45 46 47 48 49 50 51 52 53 54 55 56 57 58 59 60 61 62 63 64 65 66 67 68 69 70 71 72 73 74 75 76 77
Err= 0.000985588 	Iter = 78 
PSNR= 21.4161 	SSIM= 0.895635 
patch = 14 	mask_ratio = 0.04 
  1  2  3  4  5  6  7  8  9 10 11 12 13 14 15 16 17 18 19 20 21 22 23 24 25 26 27 28 29 30 31 32 33 34 35 36 37 38 39 40 41 42 43 44 45 46 47 48 49 50 51 52 53 54 55 56 57 58 59 60 61 62 63 64 65
Err= 0.000994872 	Iter = 66 
PSNR= 21.3711 	SSIM= 0.881745 
patch = 14 	mask_ratio = 0.05 
  1  2  3  4  5  6  7  8  9 10 11 12 13 14 15 16 17 18 19 20 21 22 23 24 25 26 27 28 29 30 31 32 33 34 35 36 37 38 39 40 41 42 43 44 45 46 47 48 49 50 51 52 53 54 55 56 57 58 59 60 61 62 63 64 65 66 67 68 69 70 71 72 73 74 75
Err= 0.000988736 	Iter = 76 
PSNR= 18.7413 	SSIM= 0.83688 
patch = 14 	mask_ratio = 0.06 
  1  2  3  4  5  6  7  8  9 10 11 12 13 14 15 16 17 18 19 20 21 22 23 24 25 26 27 28 29 30 31 32 33 34 35 36 37 38 39 40 41 42 43 44 45 46 47 48 49 50 51 52 53 54 55 56 57 58 59 60 61 62 63 64 65 66 67 68 69 70 71 72 73 74 75 76 77 78 79 80 81 82 83 84 85 86 87 88 89
Err= 0.000971082 	Iter = 90 
PSNR= 16.591 	SSIM= 0.742783 
patch = 14 	mask_ratio = 0.07 
  1  2  3  4  5  6  7  8  9 10 11 12 13 14 15 16 17 18 19 20 21 22 23 24 25 26 27 28 29 30 31 32 33 34 35 36 37 38 39 40 41 42 43 44 45 46 47 48 49 50 51 52 53 54 55 56 57 58 59 60 61 62 63 64 65 66 67 68 69 70 71 72 73 74 75 76 77 78 79 80 81 82 83 84 85 86 87 88 89 90 91 92 93 94 95 96 97
Err= 0.000942784 	Iter = 98 
PSNR= 15.8837 	SSIM= 0.718978 

patch = 16 	mask_ratio = 0.01 
  1  2  3  4  5  6  7  8  9 10 11 12 13 14 15 16 17 18 19 20 21 22 23 24 25 26 27 28 29 30 31 32 33
Err= 0.000982469 	Iter = 34 
PSNR= 28.4564 	SSIM= 0.967442 
patch = 16 	mask_ratio = 0.02 
  1  2  3  4  5  6  7  8  9 10 11 12 13 14 15 16 17 18 19 20 21 22 23 24 25 26 27 28 29 30 31 32 33 34 35 36 37 38 39 40 41 42 43
Err= 0.000989155 	Iter = 44 
PSNR= 24.6012 	SSIM= 0.931793 
patch = 16 	mask_ratio = 0.03 
  1  2  3  4  5  6  7  8  9 10 11 12 13 14 15 16 17 18 19 20 21 22 23 24 25 26 27 28 29 30 31 32 33 34 35 36 37 38 39 40 41 42 43 44 45 46 47 48 49 50 51 52 53 54 55 56 57 58 59 60 61
Err= 0.00098967 	Iter = 62 
PSNR= 20.8151 	SSIM= 0.885799 
patch = 16 	mask_ratio = 0.04 
  1  2  3  4  5  6  7  8  9 10 11 12 13 14 15 16 17 18 19 20 21 22 23 24 25 26 27 28 29 30 31 32 33 34 35 36 37 38 39 40 41 42 43 44 45 46 47 48 49 50 51 52 53 54 55 56 57 58 59 60 61 62 63 64 65 66 67 68 69 70 71 72 73 74 75 76 77 78 79 80 81
Err= 0.000996849 	Iter = 82 
PSNR= 17.6571 	SSIM= 0.822311 
patch = 16 	mask_ratio = 0.05 
  1  2  3  4  5  6  7  8  9 10 11 12 13 14 15 16 17 18 19 20 21 22 23 24 25 26 27 28 29 30 31 32 33 34 35 36 37 38 39 40 41 42 43 44 45 46 47 48 49 50 51 52 53 54 55 56 57 58 59 60 61 62 63 64 65 66 67 68 69 70 71 72 73 74 75 76 77 78 79 80 81 82 83 84 85 86 87
Err= 0.000998458 	Iter = 88 
PSNR= 18.0561 	SSIM= 0.790056 
patch = 16 	mask_ratio = 0.06 
  1  2  3  4  5  6  7  8  9 10 11 12 13 14 15 16 17 18 19 20 21 22 23 24 25 26 27 28 29 30 31 32 33 34 35 36 37 38 39 40 41 42 43 44 45 46 47 48 49 50 51 52 53 54 55 56 57 58 59 60 61 62 63 64 65 66 67 68 69 70 71 72 73 74 75 76 77 78 79 80 81 82 83 84 85 86 87
Err= 0.000977306 	Iter = 88 
PSNR= 15.6572 	SSIM= 0.700776 
patch = 16 	mask_ratio = 0.07 
  1  2  3  4  5  6  7  8  9 10 11 12 13 14 15 16 17 18 19 20 21 22 23 24 25 26 27 28 29 30 31 32 33 34 35 36 37 38 39 40 41 42 43 44 45 46 47 48 49 50 51 52 53 54 55 56 57 58 59 60 61 62 63 64 65 66 67 68 69 70 71 72 73 74 75 76 77 78 79 80 81 82 83 84 85 86 87 88 89 90 91 92 93 94 95 96 97 98 99
Abort, Err= 0.00109102 	Iter = 100 
PSNR= 13.9646 	SSIM= 0.647271 

patch = 24 	mask_ratio = 0.01 
  1  2  3  4  5  6  7  8  9 10 11 12 13 14 15 16 17 18 19 20 21 22 23 24 25 26 27 28 29 30 31 32 33 34 35 36 37 38
Err= 0.000981652 	Iter = 39 
PSNR= 28.8258 	SSIM= 0.961979 
patch = 24 	mask_ratio = 0.02 
  1  2  3  4  5  6  7  8  9 10 11 12 13 14 15 16 17 18 19 20 21 22 23 24 25 26 27 28 29 30 31 32 33 34 35 36 37 38 39 40 41 42 43
Err= 0.000971194 	Iter = 44 
PSNR= 25.8995 	SSIM= 0.940722 
patch = 24 	mask_ratio = 0.03 
  1  2  3  4  5  6  7  8  9 10 11 12 13 14 15 16 17 18 19 20 21 22 23 24 25 26 27 28 29 30 31 32 33 34 35 36 37 38 39 40 41 42 43 44 45 46 47 48 49 50 51 52 53 54 55 56 57 58 59 60 61 62 63 64
Err= 0.000967217 	Iter = 65 
PSNR= 23.2428 	SSIM= 0.900688 
patch = 24 	mask_ratio = 0.04 
  1  2  3  4  5  6  7  8  9 10 11 12 13 14 15 16 17 18 19 20 21 22 23 24 25 26 27 28 29 30 31 32 33 34 35 36 37 38 39 40 41 42 43 44 45 46 47 48 49 50 51 52 53 54 55 56 57 58 59 60 61 62 63
Err= 0.000976551 	Iter = 64 
PSNR= 18.8014 	SSIM= 0.839083 
patch = 24 	mask_ratio = 0.05 
  1  2  3  4  5  6  7  8  9 10 11 12 13 14 15 16 17 18 19 20 21 22 23 24 25 26 27 28 29 30 31 32 33 34 35 36 37 38 39 40 41 42 43 44 45 46 47 48 49 50 51 52 53 54 55 56 57 58 59 60 61 62 63 64 65 66 67 68 69 70 71 72 73 74 75 76 77 78 79 80 81 82
Err= 0.000954442 	Iter = 83 
PSNR= 16.9555 	SSIM= 0.806631 
patch = 24 	mask_ratio = 0.06 
  1  2  3  4  5  6  7  8  9 10 11 12 13 14 15 16 17 18 19 20 21 22 23 24 25 26 27 28 29 30 31 32 33 34 35 36 37 38 39 40 41 42 43 44 45 46 47 48 49 50 51 52 53 54 55 56 57 58 59 60 61 62 63 64 65 66 67 68 69 70 71 72 73 74 75 76 77 78 79 80 81 82 83 84 85 86 87 88 89 90 91 92
Err= 0.000997184 	Iter = 93 
PSNR= 16.1526 	SSIM= 0.774311 
patch = 24 	mask_ratio = 0.07 
  1  2  3  4  5  6  7  8  9 10 11 12 13 14 15 16 17 18 19 20 21 22 23 24 25 26 27 28 29 30 31 32 33 34 35 36 37 38 39 40 41 42 43 44 45 46 47 48 49 50 51 52 53 54 55 56 57 58 59 60 61 62 63 64 65 66 67 68 69 70 71 72 73 74 75 76 77 78 79 80 81 82 83 84 85 86 87 88 89 90 91 92 93 94 95 96 97 98 99
Abort, Err= 0.0011221 	Iter = 100 
PSNR= 14.116 	SSIM= 0.656891 

patch = 32 	mask_ratio = 0.01 
  1  2  3  4  5  6  7  8  9 10 11 12 13 14 15 16 17 18 19 20 21 22 23 24 25 26 27 28 29 30 31 32 33 34 35 36 37 38 39 40 41
Err= 0.000998439 	Iter = 42 
PSNR= 26.7145 	SSIM= 0.963709 
patch = 32 	mask_ratio = 0.02 
  1  2  3  4  5  6  7  8  9 10 11 12 13 14 15 16 17 18 19 20 21 22 23 24 25 26 27 28 29 30 31 32 33 34 35 36 37 38 39 40 41 42 43 44 45 46 47 48
Err= 0.000988078 	Iter = 49 
PSNR= 22.5254 	SSIM= 0.927612 
patch = 32 	mask_ratio = 0.03 
  1  2  3  4  5  6  7  8  9 10 11 12 13 14 15 16 17 18 19 20 21 22 23 24 25 26 27 28 29 30 31 32 33 34 35 36 37 38 39 40 41 42 43 44 45 46 47 48 49 50 51 52 53 54 55 56 57 58 59 60 61 62 63 64 65 66 67 68
Err= 0.000994421 	Iter = 69 
PSNR= 18.0182 	SSIM= 0.847314 
patch = 32 	mask_ratio = 0.04 
  1  2  3  4  5  6  7  8  9 10 11 12 13 14 15 16 17 18 19 20 21 22 23 24 25 26 27 28 29 30 31 32 33 34 35 36 37 38 39 40 41 42 43 44 45 46 47 48 49 50 51 52 53 54 55 56 57 58 59 60 61 62 63 64 65 66 67 68 69 70 71 72 73 74 75 76
Err= 0.000977433 	Iter = 77 
PSNR= 17.6818 	SSIM= 0.822903 
patch = 32 	mask_ratio = 0.05 
  1  2  3  4  5  6  7  8  9 10 11 12 13 14 15 16 17 18 19 20 21 22 23 24 25 26 27 28 29 30 31 32 33 34 35 36 37 38 39 40 41 42 43 44 45 46 47 48 49 50 51 52 53 54 55 56 57 58 59 60 61 62 63 64 65 66
Err= 0.000982371 	Iter = 67 
PSNR= 16.0939 	SSIM= 0.745501 
patch = 32 	mask_ratio = 0.06 
  1  2  3  4  5  6  7  8  9 10 11 12 13 14 15 16 17 18 19 20 21 22 23 24 25 26 27 28 29 30 31 32 33 34 35 36 37 38 39 40 41 42 43 44 45 46 47 48 49 50 51 52 53 54 55 56 57 58 59 60 61 62 63 64 65 66 67 68 69 70 71 72 73 74 75 76 77 78 79 80 81 82 83 84 85 86 87 88 89 90 91 92
Err= 0.000993818 	Iter = 93 
PSNR= 14.8267 	SSIM= 0.700629 
patch = 32 	mask_ratio = 0.07 
  1  2  3  4  5  6  7  8  9 10 11 12 13 14 15 16 17 18 19 20 21 22 23 24 25 26 27 28 29 30 31 32 33 34 35 36 37 38 39 40 41 42 43 44 45 46 47 48 49 50 51 52 53 54 55 56 57 58 59 60 61 62 63 64 65 66 67 68 69 70 71 72 73 74 75 76 77 78 79 80 81 82 83 84 85 86 87 88 89 90 91 92 93 94 95 96 97 98 99
Abort, Err= 0.000983359 	Iter = 100 
PSNR= 13.0901 	SSIM= 0.603533 

1012DolphinNew
patch = 8 	mask_ratio = 0.01 
  1  2  3  4  5  6  7  8  9 10 11 12 13 14 15 16 17 18 19 20 21 22 23 24 25 26 27
Err= 0.000977711 	Iter = 28 
PSNR= 40.4729 	SSIM= 0.99098 
patch = 8 	mask_ratio = 0.02 
  1  2  3  4  5  6  7  8  9 10 11 12 13 14 15 16 17 18 19 20 21 22 23 24 25 26 27 28
Err= 0.00099509 	Iter = 29 
PSNR= 38.5827 	SSIM= 0.987977 
patch = 8 	mask_ratio = 0.03 
  1  2  3  4  5  6  7  8  9 10 11 12 13 14 15 16 17 18 19 20 21 22 23 24 25 26 27 28 29 30 31 32 33 34 35 36 37 38 39
Err= 0.000980102 	Iter = 40 
PSNR= 37.8839 	SSIM= 0.983621 
patch = 8 	mask_ratio = 0.04 
  1  2  3  4  5  6  7  8  9 10 11 12 13 14 15 16 17 18 19 20 21 22 23 24 25 26 27 28 29 30 31 32 33 34 35 36 37 38 39 40 41 42 43
Err= 0.000996865 	Iter = 44 
PSNR= 35.7475 	SSIM= 0.979199 
patch = 8 	mask_ratio = 0.05 
  1  2  3  4  5  6  7  8  9 10 11 12 13 14 15 16 17 18 19 20 21 22 23 24 25 26 27 28 29 30 31 32 33 34 35 36 37 38 39 40 41 42 43 44 45 46 47 48 49 50 51 52 53 54
Err= 0.000993389 	Iter = 55 
PSNR= 32.9228 	SSIM= 0.968703 
patch = 8 	mask_ratio = 0.06 
  1  2  3  4  5  6  7  8  9 10 11 12 13 14 15 16 17 18 19 20 21 22 23 24 25 26 27 28 29 30 31 32 33 34 35 36 37 38 39 40 41 42 43 44 45 46 47 48 49 50 51 52 53 54 55 56 57 58 59 60 61 62 63 64 65 66 67 68 69
Err= 0.000999945 	Iter = 70 
PSNR= 29.8137 	SSIM= 0.952735 
patch = 8 	mask_ratio = 0.07 
  1  2  3  4  5  6  7  8  9 10 11 12 13 14 15 16 17 18 19 20 21 22 23 24 25 26 27 28 29 30 31 32 33 34 35 36 37 38 39 40 41 42 43 44 45 46 47 48 49 50 51 52 53 54 55 56 57 58 59 60 61 62 63 64 65 66 67 68 69 70 71 72 73 74 75 76 77 78 79 80 81
Err= 0.00099791 	Iter = 82 
PSNR= 28.4437 	SSIM= 0.937729 

patch = 12 	mask_ratio = 0.01 
  1  2  3  4  5  6  7  8  9 10 11 12 13 14 15 16 17 18 19 20 21 22 23 24 25 26 27
Err= 0.000997624 	Iter = 28 
PSNR= 39.3753 	SSIM= 0.989419 
patch = 12 	mask_ratio = 0.02 
  1  2  3  4  5  6  7  8  9 10 11 12 13 14 15 16 17 18 19 20 21 22 23 24 25 26 27 28
Err= 0.000979757 	Iter = 29 
PSNR= 38.3693 	SSIM= 0.987734 
patch = 12 	mask_ratio = 0.03 
  1  2  3  4  5  6  7  8  9 10 11 12 13 14 15 16 17 18 19 20 21 22 23 24 25 26 27 28 29 30 31 32 33 34 35 36 37 38
Err= 0.0009844 	Iter = 39 
PSNR= 36.2799 	SSIM= 0.981858 
patch = 12 	mask_ratio = 0.04 
  1  2  3  4  5  6  7  8  9 10 11 12 13 14 15 16 17 18 19 20 21 22 23 24 25 26 27 28 29 30 31 32 33 34 35 36 37 38 39 40 41 42 43 44 45 46 47 48 49 50 51 52 53 54 55 56 57
Err= 0.000986225 	Iter = 58 
PSNR= 31.0487 	SSIM= 0.965322 
patch = 12 	mask_ratio = 0.05 
  1  2  3  4  5  6  7  8  9 10 11 12 13 14 15 16 17 18 19 20 21 22 23 24 25 26 27 28 29 30 31 32 33 34 35 36 37 38 39 40 41 42 43 44 45 46 47 48 49 50 51 52 53 54
Err= 0.000991006 	Iter = 55 
PSNR= 30.3653 	SSIM= 0.959388 
patch = 12 	mask_ratio = 0.06 
  1  2  3  4  5  6  7  8  9 10 11 12 13 14 15 16 17 18 19 20 21 22 23 24 25 26 27 28 29 30 31 32 33 34 35 36 37 38 39 40 41 42 43 44 45 46 47 48 49 50 51 52 53 54 55 56 57 58 59 60 61 62
Err= 0.000997558 	Iter = 63 
PSNR= 29.1336 	SSIM= 0.948084 
patch = 12 	mask_ratio = 0.07 
  1  2  3  4  5  6  7  8  9 10 11 12 13 14 15 16 17 18 19 20 21 22 23 24 25 26 27 28 29 30 31 32 33 34 35 36 37 38 39 40 41 42 43 44 45 46 47 48 49 50 51 52 53 54 55 56 57 58 59 60 61 62 63 64 65 66 67 68 69 70 71 72 73 74 75 76 77 78 79
Err= 0.000997666 	Iter = 80 
PSNR= 25.2868 	SSIM= 0.916449 

patch = 14 	mask_ratio = 0.01 
  1  2  3  4  5  6  7  8  9 10 11 12 13 14 15 16 17 18 19 20 21 22 23 24 25 26 27 28 29 30 31 32 33
Err= 0.000992544 	Iter = 34 
PSNR= 39.0146 	SSIM= 0.989475 
patch = 14 	mask_ratio = 0.02 
  1  2  3  4  5  6  7  8  9 10 11 12 13 14 15 16 17 18 19 20 21 22 23 24 25 26 27 28 29 30 31 32 33 34 35 36 37 38 39 40 41 42 43 44 45
Err= 0.000988064 	Iter = 46 
PSNR= 33.7879 	SSIM= 0.977252 
patch = 14 	mask_ratio = 0.03 
  1  2  3  4  5  6  7  8  9 10 11 12 13 14 15 16 17 18 19 20 21 22 23 24 25 26 27 28 29 30 31 32 33 34 35 36 37 38 39 40 41 42 43 44 45 46 47 48 49 50 51 52 53
Err= 0.000989629 	Iter = 54 
PSNR= 28.6225 	SSIM= 0.96732 
patch = 14 	mask_ratio = 0.04 
  1  2  3  4  5  6  7  8  9 10 11 12 13 14 15 16 17 18 19 20 21 22 23 24 25 26 27 28 29 30 31 32 33 34 35 36 37 38 39 40 41 42 43 44 45 46 47 48 49 50 51 52 53 54 55 56 57 58 59 60 61 62 63 64 65
Err= 0.000959732 	Iter = 66 
PSNR= 29.7199 	SSIM= 0.962596 
patch = 14 	mask_ratio = 0.05 
  1  2  3  4  5  6  7  8  9 10 11 12 13 14 15 16 17 18 19 20 21 22 23 24 25 26 27 28 29 30 31 32 33 34 35 36 37 38 39 40 41 42 43 44 45 46 47 48 49 50 51 52 53 54 55 56 57 58 59 60 61 62 63 64 65 66 67 68 69 70 71 72 73 74 75
Err= 0.00097848 	Iter = 76 
PSNR= 26.7069 	SSIM= 0.941365 
patch = 14 	mask_ratio = 0.06 
  1  2  3  4  5  6  7  8  9 10 11 12 13 14 15 16 17 18 19 20 21 22 23 24 25 26 27 28 29 30 31 32 33 34 35 36 37 38 39 40 41 42 43 44 45 46 47 48 49 50 51 52 53 54 55 56 57 58 59 60 61 62 63 64 65 66 67 68 69 70 71 72 73 74 75 76 77 78 79 80 81 82 83 84 85 86 87 88
Err= 0.000987981 	Iter = 89 
PSNR= 23.1971 	SSIM= 0.910464 
patch = 14 	mask_ratio = 0.07 
  1  2  3  4  5  6  7  8  9 10 11 12 13 14 15 16 17 18 19 20 21 22 23 24 25 26 27 28 29 30 31 32 33 34 35 36 37 38 39 40 41 42 43 44 45 46 47 48 49 50 51 52 53 54 55 56 57 58 59 60 61 62 63 64 65 66 67 68 69 70 71 72 73 74 75 76 77 78 79 80 81 82 83 84 85 86 87 88 89 90 91 92 93 94 95 96
Err= 0.000991374 	Iter = 97 
PSNR= 21.3369 	SSIM= 0.867822 

patch = 16 	mask_ratio = 0.01 
  1  2  3  4  5  6  7  8  9 10 11 12 13 14 15 16 17 18 19 20 21 22 23 24 25 26 27 28 29 30 31 32
Err= 0.000935808 	Iter = 33 
PSNR= 36.9691 	SSIM= 0.984459 
patch = 16 	mask_ratio = 0.02 
  1  2  3  4  5  6  7  8  9 10 11 12 13 14 15 16 17 18 19 20 21 22 23 24 25 26 27 28 29 30 31 32 33 34 35 36 37 38 39 40 41 42
Err= 0.000987325 	Iter = 43 
PSNR= 32.3393 	SSIM= 0.979965 
patch = 16 	mask_ratio = 0.03 
  1  2  3  4  5  6  7  8  9 10 11 12 13 14 15 16 17 18 19 20 21 22 23 24 25 26 27 28 29 30 31 32 33 34 35 36 37 38 39 40 41 42 43 44 45 46 47 48 49 50 51 52 53 54
Err= 0.000965398 	Iter = 55 
PSNR= 31.091 	SSIM= 0.968879 
patch = 16 	mask_ratio = 0.04 
  1  2  3  4  5  6  7  8  9 10 11 12 13 14 15 16 17 18 19 20 21 22 23 24 25 26 27 28 29 30 31 32 33 34 35 36 37 38 39 40 41 42 43 44 45 46 47 48 49 50 51 52 53 54 55 56 57 58 59 60 61 62 63 64 65 66 67 68 69 70 71 72 73 74 75
Err= 0.000995345 	Iter = 76 
PSNR= 25.8397 	SSIM= 0.937791 
patch = 16 	mask_ratio = 0.05 
  1  2  3  4  5  6  7  8  9 10 11 12 13 14 15 16 17 18 19 20 21 22 23 24 25 26 27 28 29 30 31 32 33 34 35 36 37 38 39 40 41 42 43 44 45 46 47 48 49 50 51 52 53 54 55 56 57 58 59 60 61 62 63 64 65 66 67 68
Err= 0.000978716 	Iter = 69 
PSNR= 25.8507 	SSIM= 0.928357 
patch = 16 	mask_ratio = 0.06 
  1  2  3  4  5  6  7  8  9 10 11 12 13 14 15 16 17 18 19 20 21 22 23 24 25 26 27 28 29 30 31 32 33 34 35 36 37 38 39 40 41 42 43 44 45 46 47 48 49 50 51 52 53 54 55 56 57 58 59 60 61 62 63 64 65 66 67 68 69 70 71 72 73 74 75 76 77 78 79 80 81 82 83 84 85 86 87
Err= 0.000997211 	Iter = 88 
PSNR= 23.4747 	SSIM= 0.880928 
patch = 16 	mask_ratio = 0.07 
  1  2  3  4  5  6  7  8  9 10 11 12 13 14 15 16 17 18 19 20 21 22 23 24 25 26 27 28 29 30 31 32 33 34 35 36 37 38 39 40 41 42 43 44 45 46 47 48 49 50 51 52 53 54 55 56 57 58 59 60 61 62 63 64 65 66 67 68 69 70 71 72 73 74 75 76 77 78 79 80 81 82 83 84
Err= 0.000988887 	Iter = 85 
PSNR= 21.0811 	SSIM= 0.846703 

patch = 24 	mask_ratio = 0.01 
  1  2  3  4  5  6  7  8  9 10 11 12 13 14 15 16 17 18 19 20 21 22 23 24
Err= 0.000974514 	Iter = 25 
PSNR= 39.7476 	SSIM= 0.989303 
patch = 24 	mask_ratio = 0.02 
  1  2  3  4  5  6  7  8  9 10 11 12 13 14 15 16 17 18 19 20 21 22 23 24 25 26 27 28 29 30 31 32 33 34 35 36
Err= 0.000995684 	Iter = 37 
PSNR= 34.6924 	SSIM= 0.98049 
patch = 24 	mask_ratio = 0.03 
  1  2  3  4  5  6  7  8  9 10 11 12 13 14 15 16 17 18 19 20 21 22 23 24 25 26 27 28 29 30 31 32 33 34 35 36 37 38 39 40
Err= 0.000979894 	Iter = 41 
PSNR= 32.9093 	SSIM= 0.971566 
patch = 24 	mask_ratio = 0.04 
  1  2  3  4  5  6  7  8  9 10 11 12 13 14 15 16 17 18 19 20 21 22 23 24 25 26 27 28 29 30 31 32 33 34 35 36 37 38 39 40 41 42 43 44 45 46 47 48 49 50 51 52 53 54 55 56 57 58 59
Err= 0.000950166 	Iter = 60 
PSNR= 27.3883 	SSIM= 0.948093 
patch = 24 	mask_ratio = 0.05 
  1  2  3  4  5  6  7  8  9 10 11 12 13 14 15 16 17 18 19 20 21 22 23 24 25 26 27 28 29 30 31 32 33 34 35 36 37 38 39 40 41 42 43 44 45 46 47 48 49 50 51 52 53 54 55 56 57 58 59 60 61 62 63 64 65 66
Err= 0.000999484 	Iter = 67 
PSNR= 25.9838 	SSIM= 0.929309 
patch = 24 	mask_ratio = 0.06 
  1  2  3  4  5  6  7  8  9 10 11 12 13 14 15 16 17 18 19 20 21 22 23 24 25 26 27 28 29 30 31 32 33 34 35 36 37 38 39 40 41 42 43 44 45 46 47 48 49 50 51 52 53 54 55 56 57 58 59 60 61 62 63 64 65 66 67 68 69 70 71 72 73 74 75 76 77 78 79 80 81 82 83 84 85 86 87 88 89 90
Err= 0.000990502 	Iter = 91 
PSNR= 24.9688 	SSIM= 0.912351 
patch = 24 	mask_ratio = 0.07 
  1  2  3  4  5  6  7  8  9 10 11 12 13 14 15 16 17 18 19 20 21 22 23 24 25 26 27 28 29 30 31 32 33 34 35 36 37 38 39 40 41 42 43 44 45 46 47 48 49 50 51 52 53 54 55 56 57 58 59 60 61 62 63 64 65 66 67 68 69 70 71 72 73 74 75 76 77 78 79 80 81 82 83
Err= 0.000976821 	Iter = 84 
PSNR= 21.4922 	SSIM= 0.869527 

patch = 32 	mask_ratio = 0.01 
  1  2  3  4  5  6  7  8  9 10 11 12 13 14 15 16 17 18 19 20 21 22 23 24 25 26 27 28 29 30 31 32 33 34 35 36 37 38 39 40
Err= 0.000988335 	Iter = 41 
PSNR= 32.7704 	SSIM= 0.979621 
patch = 32 	mask_ratio = 0.02 
  1  2  3  4  5  6  7  8  9 10 11 12 13 14 15 16 17 18 19 20 21 22 23 24 25 26 27 28 29 30 31 32 33 34 35
Err= 0.000978653 	Iter = 36 
PSNR= 32.9449 	SSIM= 0.975048 
patch = 32 	mask_ratio = 0.03 
  1  2  3  4  5  6  7  8  9 10 11 12 13 14 15 16 17 18 19 20 21 22 23 24 25 26 27 28 29 30 31 32 33 34 35 36 37 38 39 40 41 42 43 44 45
Err= 0.000981588 	Iter = 46 
PSNR= 28.955 	SSIM= 0.957913 
patch = 32 	mask_ratio = 0.04 
  1  2  3  4  5  6  7  8  9 10 11 12 13 14 15 16 17 18 19 20 21 22 23 24 25 26 27 28 29 30 31 32 33 34 35 36 37 38 39 40 41 42 43 44 45 46 47 48 49 50 51 52 53 54
Err= 0.000970602 	Iter = 55 
PSNR= 27.311 	SSIM= 0.940688 
patch = 32 	mask_ratio = 0.05 
  1  2  3  4  5  6  7  8  9 10 11 12 13 14 15 16 17 18 19 20 21 22 23 24 25 26 27 28 29 30 31 32 33 34 35 36 37 38 39 40 41 42 43 44 45 46 47 48 49 50 51 52 53 54 55 56 57 58 59 60 61 62 63 64 65 66 67 68 69
Err= 0.000964553 	Iter = 70 
PSNR= 24.5886 	SSIM= 0.912462 
patch = 32 	mask_ratio = 0.06 
  1  2  3  4  5  6  7  8  9 10 11 12 13 14 15 16 17 18 19 20 21 22 23 24 25 26 27 28 29 30 31 32 33 34 35 36 37 38 39 40 41 42 43 44 45 46 47 48 49 50 51 52 53 54 55 56 57 58 59 60 61 62 63 64 65 66 67 68 69 70 71 72 73 74 75 76 77 78 79 80
Err= 0.000989242 	Iter = 81 
PSNR= 20.3978 	SSIM= 0.858136 
patch = 32 	mask_ratio = 0.07 
  1  2  3  4  5  6  7  8  9 10 11 12 13 14 15 16 17 18 19 20 21 22 23 24 25 26 27 28 29 30 31 32 33 34 35 36 37 38 39 40 41 42 43 44 45 46 47 48 49 50 51 52 53 54 55 56 57 58 59 60 61 62 63 64 65 66 67 68 69 70 71 72 73 74 75 76 77 78 79 80 81 82 83 84 85 86 87 88 89 90 91
Err= 0.00095386 	Iter = 92 
PSNR= 18.6128 	SSIM= 0.824713 

1012Pica
patch = 8 	mask_ratio = 0.01 
  1  2  3  4  5  6  7  8  9 10 11 12 13 14 15 16 17 18 19 20 21 22 23 24 25 26
Err= 0.000993009 	Iter = 27 
PSNR= 38.2739 	SSIM= 0.981259 
patch = 8 	mask_ratio = 0.02 
  1  2  3  4  5  6  7  8  9 10 11 12 13 14 15 16 17 18 19 20 21 22 23 24 25 26 27 28 29 30 31 32 33
Err= 0.000981427 	Iter = 34 
PSNR= 34.0327 	SSIM= 0.968944 
patch = 8 	mask_ratio = 0.03 
  1  2  3  4  5  6  7  8  9 10 11 12 13 14 15 16 17 18 19 20 21 22 23 24 25 26 27 28 29 30 31 32 33 34 35 36 37 38 39 40 41 42
Err= 0.000976005 	Iter = 43 
PSNR= 32.3093 	SSIM= 0.953741 
patch = 8 	mask_ratio = 0.04 
  1  2  3  4  5  6  7  8  9 10 11 12 13 14 15 16 17 18 19 20 21 22 23 24 25 26 27 28 29 30 31 32 33 34 35 36 37 38 39 40 41 42
Err= 0.000995209 	Iter = 43 
PSNR= 30.7067 	SSIM= 0.937066 
patch = 8 	mask_ratio = 0.05 
  1  2  3  4  5  6  7  8  9 10 11 12 13 14 15 16 17 18 19 20 21 22 23 24 25 26 27 28 29 30 31 32 33 34 35 36 37 38 39 40 41 42 43 44 45 46 47 48 49 50 51 52
Err= 0.000989327 	Iter = 53 
PSNR= 28.608 	SSIM= 0.913704 
patch = 8 	mask_ratio = 0.06 
  1  2  3  4  5  6  7  8  9 10 11 12 13 14 15 16 17 18 19 20 21 22 23 24 25 26 27 28 29 30 31 32 33 34 35 36 37 38 39 40 41 42 43 44 45 46 47 48 49 50 51 52 53 54 55 56 57
Err= 0.000988122 	Iter = 58 
PSNR= 27.7182 	SSIM= 0.892141 
patch = 8 	mask_ratio = 0.07 
  1  2  3  4  5  6  7  8  9 10 11 12 13 14 15 16 17 18 19 20 21 22 23 24 25 26 27 28 29 30 31 32 33 34 35 36 37 38 39 40 41 42 43 44 45 46 47 48 49 50 51 52 53 54 55 56 57 58 59 60 61 62 63 64 65 66 67 68 69 70 71 72 73 74
Err= 0.000996014 	Iter = 75 
PSNR= 24.8627 	SSIM= 0.846425 

patch = 12 	mask_ratio = 0.01 
  1  2  3  4  5  6  7  8  9 10 11 12 13 14 15 16 17 18 19 20 21 22 23 24 25 26 27 28
Err= 0.000986953 	Iter = 29 
PSNR= 36.7145 	SSIM= 0.976911 
patch = 12 	mask_ratio = 0.02 
  1  2  3  4  5  6  7  8  9 10 11 12 13 14 15 16 17 18 19 20 21 22 23 24 25 26 27 28 29 30 31 32 33 34
Err= 0.000991796 	Iter = 35 
PSNR= 33.1108 	SSIM= 0.957648 
patch = 12 	mask_ratio = 0.03 
  1  2  3  4  5  6  7  8  9 10 11 12 13 14 15 16 17 18 19 20 21 22 23 24 25 26 27 28 29 30 31 32 33 34 35 36 37 38 39 40
Err= 0.000989054 	Iter = 41 
PSNR= 31.5993 	SSIM= 0.947628 
patch = 12 	mask_ratio = 0.04 
  1  2  3  4  5  6  7  8  9 10 11 12 13 14 15 16 17 18 19 20 21 22 23 24 25 26 27 28 29 30 31 32 33 34 35 36 37 38 39 40 41 42 43 44 45 46 47 48 49 50
Err= 0.000995051 	Iter = 51 
PSNR= 28.9202 	SSIM= 0.915253 
patch = 12 	mask_ratio = 0.05 
  1  2  3  4  5  6  7  8  9 10 11 12 13 14 15 16 17 18 19 20 21 22 23 24 25 26 27 28 29 30 31 32 33 34 35 36 37 38 39 40 41 42 43 44 45 46 47 48 49 50 51 52 53 54 55
Err= 0.000989677 	Iter = 56 
PSNR= 26.6186 	SSIM= 0.892233 
patch = 12 	mask_ratio = 0.06 
  1  2  3  4  5  6  7  8  9 10 11 12 13 14 15 16 17 18 19 20 21 22 23 24 25 26 27 28 29 30 31 32 33 34 35 36 37 38 39 40 41 42 43 44 45 46 47 48 49 50 51 52 53 54 55 56 57 58 59 60 61 62 63
Err= 0.000983394 	Iter = 64 
PSNR= 25.1079 	SSIM= 0.850207 
patch = 12 	mask_ratio = 0.07 
  1  2  3  4  5  6  7  8  9 10 11 12 13 14 15 16 17 18 19 20 21 22 23 24 25 26 27 28 29 30 31 32 33 34 35 36 37 38 39 40 41 42 43 44 45 46 47 48 49 50 51 52 53 54 55 56 57 58 59 60 61 62 63 64 65 66 67 68
Err= 0.000975704 	Iter = 69 
PSNR= 23.5461 	SSIM= 0.807765 

patch = 14 	mask_ratio = 0.01 
  1  2  3  4  5  6  7  8  9 10 11 12 13 14 15 16 17 18 19 20 21 22 23 24 25 26 27 28
Err= 0.000978697 	Iter = 29 
PSNR= 35.8192 	SSIM= 0.97521 
patch = 14 	mask_ratio = 0.02 
  1  2  3  4  5  6  7  8  9 10 11 12 13 14 15 16 17 18 19 20 21 22 23 24 25 26 27 28 29 30 31 32 33
Err= 0.00097675 	Iter = 34 
PSNR= 34.3455 	SSIM= 0.969357 
patch = 14 	mask_ratio = 0.03 
  1  2  3  4  5  6  7  8  9 10 11 12 13 14 15 16 17 18 19 20 21 22 23 24 25 26 27 28 29 30 31 32 33 34 35 36 37 38 39 40 41 42 43 44 45 46 47 48 49 50 51 52
Err= 0.000984854 	Iter = 53 
PSNR= 29.4688 	SSIM= 0.930948 
patch = 14 	mask_ratio = 0.04 
  1  2  3  4  5  6  7  8  9 10 11 12 13 14 15 16 17 18 19 20 21 22 23 24 25 26 27 28 29 30 31 32 33 34 35 36 37 38 39 40 41 42 43 44 45 46 47 48 49 50 51
Err= 0.00099434 	Iter = 52 
PSNR= 28.4233 	SSIM= 0.919233 
patch = 14 	mask_ratio = 0.05 
  1  2  3  4  5  6  7  8  9 10 11 12 13 14 15 16 17 18 19 20 21 22 23 24 25 26 27 28 29 30 31 32 33 34 35 36 37 38 39 40 41 42 43 44 45 46 47 48 49 50 51 52 53 54 55 56 57 58 59 60 61 62 63
Err= 0.00099737 	Iter = 64 
PSNR= 24.3166 	SSIM= 0.854763 
patch = 14 	mask_ratio = 0.06 
  1  2  3  4  5  6  7  8  9 10 11 12 13 14 15 16 17 18 19 20 21 22 23 24 25 26 27 28 29 30 31 32 33 34 35 36 37 38 39 40 41 42 43 44 45 46 47 48 49 50 51 52 53 54 55 56 57 58 59 60 61 62 63 64 65 66 67 68 69 70 71 72 73 74 75 76 77 78
Err= 0.000998664 	Iter = 79 
PSNR= 22.243 	SSIM= 0.804303 
patch = 14 	mask_ratio = 0.07 
  1  2  3  4  5  6  7  8  9 10 11 12 13 14 15 16 17 18 19 20 21 22 23 24 25 26 27 28 29 30 31 32 33 34 35 36 37 38 39 40 41 42 43 44 45 46 47 48 49 50 51 52 53 54 55 56 57 58 59 60 61 62 63 64 65 66 67 68 69 70 71 72 73 74 75 76 77 78
Err= 0.000995591 	Iter = 79 
PSNR= 21.5358 	SSIM= 0.770025 

patch = 16 	mask_ratio = 0.01 
  1  2  3  4  5  6  7  8  9 10 11 12 13 14 15 16 17 18 19 20 21 22 23 24 25 26 27 28 29 30 31 32 33 34
Err= 0.000970092 	Iter = 35 
PSNR= 33.567 	SSIM= 0.968681 
patch = 16 	mask_ratio = 0.02 
  1  2  3  4  5  6  7  8  9 10 11 12 13 14 15 16 17 18 19 20 21 22 23 24 25 26 27 28 29 30 31 32 33 34 35 36 37 38 39
Err= 0.000973428 	Iter = 40 
PSNR= 30.9657 	SSIM= 0.953517 
patch = 16 	mask_ratio = 0.03 
  1  2  3  4  5  6  7  8  9 10 11 12 13 14 15 16 17 18 19 20 21 22 23 24 25 26 27 28 29 30 31 32 33 34 35 36 37 38 39 40 41 42 43
Err= 0.000991391 	Iter = 44 
PSNR= 28.0568 	SSIM= 0.918192 
patch = 16 	mask_ratio = 0.04 
  1  2  3  4  5  6  7  8  9 10 11 12 13 14 15 16 17 18 19 20 21 22 23 24 25 26 27 28 29 30 31 32 33 34 35 36 37 38 39 40 41 42 43 44 45 46 47 48 49 50 51 52 53 54 55 56 57 58 59 60 61 62 63 64 65 66 67 68 69
Err= 0.000991292 	Iter = 70 
PSNR= 24.3422 	SSIM= 0.863413 
patch = 16 	mask_ratio = 0.05 
  1  2  3  4  5  6  7  8  9 10 11 12 13 14 15 16 17 18 19 20 21 22 23 24 25 26 27 28 29 30 31 32 33 34 35 36 37 38 39 40 41 42 43 44 45 46 47 48 49 50 51 52 53 54 55 56 57 58 59 60 61 62 63 64 65
Err= 0.000976771 	Iter = 66 
PSNR= 24.0184 	SSIM= 0.845415 
patch = 16 	mask_ratio = 0.06 
  1  2  3  4  5  6  7  8  9 10 11 12 13 14 15 16 17 18 19 20 21 22 23 24 25 26 27 28 29 30 31 32 33 34 35 36 37 38 39 40 41 42 43 44 45 46 47 48 49 50 51 52 53 54 55 56 57 58 59 60 61 62 63 64 65 66 67 68 69 70 71 72 73 74 75 76
Err= 0.000987186 	Iter = 77 
PSNR= 21.1938 	SSIM= 0.766575 
patch = 16 	mask_ratio = 0.07 
  1  2  3  4  5  6  7  8  9 10 11 12 13 14 15 16 17 18 19 20 21 22 23 24 25 26 27 28 29 30 31 32 33 34 35 36 37 38 39 40 41 42 43 44 45 46 47 48 49 50 51 52 53 54 55 56 57 58 59 60 61 62 63 64 65 66 67 68 69 70 71 72 73 74 75 76 77 78 79 80 81
Err= 0.000998367 	Iter = 82 
PSNR= 20.6387 	SSIM= 0.730894 

patch = 24 	mask_ratio = 0.01 
  1  2  3  4  5  6  7  8  9 10 11 12 13 14 15 16 17 18 19 20 21 22 23 24 25 26 27 28 29 30 31 32 33 34 35 36 37 38 39 40 41 42
Err= 0.000970164 	Iter = 43 
PSNR= 32.8633 	SSIM= 0.962104 
patch = 24 	mask_ratio = 0.02 
  1  2  3  4  5  6  7  8  9 10 11 12 13 14 15 16 17 18 19 20 21 22 23 24 25 26 27 28 29 30 31 32 33 34 35 36 37 38
Err= 0.000994031 	Iter = 39 
PSNR= 29.0449 	SSIM= 0.936249 
patch = 24 	mask_ratio = 0.03 
  1  2  3  4  5  6  7  8  9 10 11 12 13 14 15 16 17 18 19 20 21 22 23 24 25 26 27 28 29 30 31 32 33 34 35 36 37 38 39 40 41 42 43 44 45 46 47 48 49 50 51
Err= 0.00099598 	Iter = 52 
PSNR= 28.4822 	SSIM= 0.927038 
patch = 24 	mask_ratio = 0.04 
  1  2  3  4  5  6  7  8  9 10 11 12 13 14 15 16 17 18 19 20 21 22 23 24 25 26 27 28 29 30 31 32 33 34 35 36 37 38 39 40 41 42 43 44 45 46 47 48 49 50 51 52
Err= 0.000988863 	Iter = 53 
PSNR= 25.8514 	SSIM= 0.883069 
patch = 24 	mask_ratio = 0.05 
  1  2  3  4  5  6  7  8  9 10 11 12 13 14 15 16 17 18 19 20 21 22 23 24 25 26 27 28 29 30 31 32 33 34 35 36 37 38 39 40 41 42 43 44 45 46 47 48 49 50 51 52 53 54 55 56 57 58 59 60 61 62 63 64 65 66 67 68 69
Err= 0.000988467 	Iter = 70 
PSNR= 23.9721 	SSIM= 0.844661 
patch = 24 	mask_ratio = 0.06 
  1  2  3  4  5  6  7  8  9 10 11 12 13 14 15 16 17 18 19 20 21 22 23 24 25 26 27 28 29 30 31 32 33 34 35 36 37 38 39 40 41 42 43 44 45 46 47 48 49 50 51 52 53 54 55 56 57 58 59 60 61 62 63 64 65 66
Err= 0.000995272 	Iter = 67 
PSNR= 22.7249 	SSIM= 0.80699 
patch = 24 	mask_ratio = 0.07 
  1  2  3  4  5  6  7  8  9 10 11 12 13 14 15 16 17 18 19 20 21 22 23 24 25 26 27 28 29 30 31 32 33 34 35 36 37 38 39 40 41 42 43 44 45 46 47 48 49 50 51 52 53 54 55 56 57 58 59 60 61 62 63 64 65 66 67 68 69 70 71 72 73 74 75 76
Err= 0.00099543 	Iter = 77 
PSNR= 21.4106 	SSIM= 0.745436 

patch = 32 	mask_ratio = 0.01 
  1  2  3  4  5  6  7  8  9 10 11 12 13 14 15 16 17 18 19 20 21 22 23 24 25 26 27 28 29 30 31 32 33 34 35 36 37 38 39 40
Err= 0.000983146 	Iter = 41 
PSNR= 31.758 	SSIM= 0.962133 
patch = 32 	mask_ratio = 0.02 
  1  2  3  4  5  6  7  8  9 10 11 12 13 14 15 16 17 18 19 20 21 22 23 24 25 26 27 28 29 30 31 32 33 34 35 36 37 38 39 40 41
Err= 0.000994432 	Iter = 42 
PSNR= 29.6402 	SSIM= 0.931286 
patch = 32 	mask_ratio = 0.03 
  1  2  3  4  5  6  7  8  9 10 11 12 13 14 15 16 17 18 19 20 21 22 23 24 25 26 27 28 29 30 31 32 33 34 35 36 37 38 39 40 41 42 43 44 45 46 47 48 49 50
Err= 0.000977267 	Iter = 51 
PSNR= 25.9168 	SSIM= 0.918021 
patch = 32 	mask_ratio = 0.04 
  1  2  3  4  5  6  7  8  9 10 11 12 13 14 15 16 17 18 19 20 21 22 23 24 25 26 27 28 29 30 31 32 33 34 35 36 37 38 39 40 41 42 43 44 45 46 47 48 49 50 51 52 53 54 55 56 57 58 59 60 61 62 63 64 65 66 67 68 69
Err= 0.000988901 	Iter = 70 
PSNR= 24.6761 	SSIM= 0.860641 
patch = 32 	mask_ratio = 0.05 
  1  2  3  4  5  6  7  8  9 10 11 12 13 14 15 16 17 18 19 20 21 22 23 24 25 26 27 28 29 30 31 32 33 34 35 36 37 38 39 40 41 42 43 44 45 46 47 48 49 50 51 52 53 54 55 56 57 58 59 60
Err= 0.000957849 	Iter = 61 
PSNR= 22.5025 	SSIM= 0.829047 
patch = 32 	mask_ratio = 0.06 
  1  2  3  4  5  6  7  8  9 10 11 12 13 14 15 16 17 18 19 20 21 22 23 24 25 26 27 28 29 30 31 32 33 34 35 36 37 38 39 40 41 42 43 44 45 46 47 48 49 50 51 52 53 54 55 56 57 58 59 60 61 62 63 64 65 66 67 68 69 70 71 72
Err= 0.000970278 	Iter = 73 
PSNR= 21.0428 	SSIM= 0.7597 
patch = 32 	mask_ratio = 0.07 
  1  2  3  4  5  6  7  8  9 10 11 12 13 14 15 16 17 18 19 20 21 22 23 24 25 26 27 28 29 30 31 32 33 34 35 36 37 38 39 40 41 42 43 44 45 46 47 48 49 50 51 52 53 54 55 56 57 58 59 60 61 62 63 64 65 66 67 68 69 70 71 72 73 74 75 76
Err= 0.000973841 	Iter = 77 
PSNR= 19.9247 	SSIM= 0.702418 

i=6:6;j=1:6;k=1:6
1012WindmillNew
patch = 8 	mask_ratio = 0.01 
  1  2  3  4  5  6  7  8  9 10 11 12 13 14 15 16 17 18 19 20 21 22 23 24 25 26 27 28 29 30 31 32 33 34 35 36 37 38 39 40 41 42
Err= 0.000977947 	Iter = 43 
PSNR= 31.028 	SSIM= 0.951229 
patch = 8 	mask_ratio = 0.03 
  1  2  3  4  5  6  7  8  9 10 11 12 13 14 15 16 17 18 19 20 21 22 23 24 25 26 27 28 29 30 31 32 33 34 35 36 37 38 39 40 41 42 43 44 45 46 47 48 49 50 51 52 53 54
Err= 0.000999882 	Iter = 55 
PSNR= 30.1303 	SSIM= 0.937934 
patch = 8 	mask_ratio = 0.04 
  1  2  3  4  5  6  7  8  9 10 11 12 13 14 15 16 17 18 19 20 21 22 23 24 25 26 27 28 29 30 31 32 33 34 35 36 37 38 39 40 41 42 43 44 45 46 47 48 49 50 51 52 53 54 55 56
Err= 0.000983485 	Iter = 57 
PSNR= 30.206 	SSIM= 0.930086 
patch = 8 	mask_ratio = 0.05 
  1  2  3  4  5  6  7  8  9 10 11 12 13 14 15 16 17 18 19 20 21 22 23 24 25 26 27 28 29 30 31 32 33 34 35 36 37 38 39 40 41 42 43 44 45 46 47 48 49 50 51 52 53 54 55 56 57 58 59 60 61 62 63 64 65 66 67 68 69 70 71 72
Err= 0.000989378 	Iter = 73 
PSNR= 27.5773 	SSIM= 0.908527 
patch = 8 	mask_ratio = 0.06 
  1  2  3  4  5  6  7  8  9 10 11 12 13 14 15 16 17 18 19 20 21 22 23 24 25 26 27 28 29 30 31 32 33 34 35 36 37 38 39 40 41 42 43 44 45 46 47 48 49 50 51 52 53 54 55 56 57 58 59 60 61 62 63 64 65 66 67 68 69 70
Err= 0.000991359 	Iter = 71 
PSNR= 25.936 	SSIM= 0.877469 
patch = 8 	mask_ratio = 0.07 
  1  2  3  4  5  6  7  8  9 10 11 12 13 14 15 16 17 18 19 20 21 22 23 24 25 26 27 28 29 30 31 32 33 34 35 36 37 38 39 40 41 42 43 44 45 46 47 48 49 50 51 52 53 54 55 56 57 58 59 60 61 62 63 64 65 66 67 68 69 70 71 72 73 74 75 76 77 78 79 80
Err= 0.000989978 	Iter = 81 
PSNR= 24.0618 	SSIM= 0.845375 
patch = 12 	mask_ratio = 0.01 
  1  2  3  4  5  6  7  8  9 10 11 12 13 14 15 16 17 18 19 20 21 22 23 24 25 26 27 28
Err= 0.0009872 	Iter = 29 
PSNR= 36.2342 	SSIM= 0.975237 
patch = 12 	mask_ratio = 0.03 
  1  2  3  4  5  6  7  8  9 10 11 12 13 14 15 16 17 18 19 20 21 22 23 24 25 26 27 28 29 30 31 32 33 34 35 36 37 38 39 40 41 42 43
Err= 0.000988379 	Iter = 44 
PSNR= 31.4608 	SSIM= 0.945907 
patch = 12 	mask_ratio = 0.04 
  1  2  3  4  5  6  7  8  9 10 11 12 13 14 15 16 17 18 19 20 21 22 23 24 25 26 27 28 29 30 31 32 33 34 35 36 37 38 39 40 41 42 43 44 45 46 47 48 49 50 51 52 53 54 55 56 57 58 59 60 61 62 63 64 65 66 67 68 69 70 71
Err= 0.000992263 	Iter = 72 
PSNR= 27.0334 	SSIM= 0.905384 
patch = 12 	mask_ratio = 0.05 
  1  2  3  4  5  6  7  8  9 10 11 12 13 14 15 16 17 18 19 20 21 22 23 24 25 26 27 28 29 30 31 32 33 34 35 36 37 38 39 40 41 42 43 44 45 46 47 48 49 50 51 52 53 54 55 56 57 58 59 60 61
Err= 0.000992311 	Iter = 62 
PSNR= 26.9979 	SSIM= 0.900966 
patch = 12 	mask_ratio = 0.06 
  1  2  3  4  5  6  7  8  9 10 11 12 13 14 15 16 17 18 19 20 21 22 23 24 25 26 27 28 29 30 31 32 33 34 35 36 37 38 39 40 41 42 43 44 45 46 47 48 49 50 51 52 53 54 55 56 57 58 59 60 61 62 63 64 65 66 67 68 69 70 71 72 73
Err= 0.000981543 	Iter = 74 
PSNR= 23.984 	SSIM= 0.851794 
patch = 12 	mask_ratio = 0.07 
  1  2  3  4  5  6  7  8  9 10 11 12 13 14 15 16 17 18 19 20 21 22 23 24 25 26 27 28 29 30 31 32 33 34 35 36 37 38 39 40 41 42 43 44 45 46 47 48 49 50 51 52 53 54 55 56 57 58 59 60 61 62 63 64 65 66 67 68 69 70 71 72 73 74 75 76 77 78 79 80 81 82 83
Err= 0.000998558 	Iter = 84 
PSNR= 22.3704 	SSIM= 0.793014 
patch = 14 	mask_ratio = 0.01 
  1  2  3  4  5  6  7  8  9 10 11 12 13 14 15 16 17 18 19 20 21 22 23 24 25 26 27 28 29 30 31 32 33
Err= 0.000991781 	Iter = 34 
PSNR= 35.0251 	SSIM= 0.97204 
patch = 14 	mask_ratio = 0.03 
  1  2  3  4  5  6  7  8  9 10 11 12 13 14 15 16 17 18 19 20 21 22 23 24 25 26 27 28 29 30 31 32 33 34 35 36 37 38 39 40 41 42 43 44 45 46 47 48 49 50 51 52 53 54 55 56 57 58 59 60 61 62 63 64 65 66
Err= 0.000999686 	Iter = 67 
PSNR= 26.3652 	SSIM= 0.90827 
patch = 14 	mask_ratio = 0.04 
  1  2  3  4  5  6  7  8  9 10 11 12 13 14 15 16 17 18 19 20 21 22 23 24 25 26 27 28 29 30 31 32 33 34 35 36 37 38 39 40 41 42 43 44 45 46 47 48 49 50 51 52 53 54 55
Err= 0.000988968 	Iter = 56 
PSNR= 27.0898 	SSIM= 0.912724 
patch = 14 	mask_ratio = 0.05 
  1  2  3  4  5  6  7  8  9 10 11 12 13 14 15 16 17 18 19 20 21 22 23 24 25 26 27 28 29 30 31 32 33 34 35 36 37 38 39 40 41 42 43 44 45 46 47 48 49 50 51 52 53 54 55 56 57 58 59 60 61 62 63 64 65 66 67
Err= 0.000988165 	Iter = 68 
PSNR= 25.1926 	SSIM= 0.870986 
patch = 14 	mask_ratio = 0.06 
  1  2  3  4  5  6  7  8  9 10 11 12 13 14 15 16 17 18 19 20 21 22 23 24 25 26 27 28 29 30 31 32 33 34 35 36 37 38 39 40 41 42 43 44 45 46 47 48 49 50 51 52 53 54 55 56 57 58 59 60 61 62 63 64 65 66 67 68 69 70 71 72 73 74 75 76 77 78 79 80 81 82 83 84 85 86 87 88 89 90 91 92 93 94 95 96 97 98 99
Abort, Err= 0.00105745 	Iter = 100 
PSNR= 21.2973 	SSIM= 0.806135 
patch = 14 	mask_ratio = 0.07 
  1  2  3  4  5  6  7  8  9 10 11 12 13 14 15 16 17 18 19 20 21 22 23 24 25 26 27 28 29 30 31 32 33 34 35 36 37 38 39 40 41 42 43 44 45 46 47 48 49 50 51 52 53 54 55 56 57 58 59 60 61 62 63 64 65 66 67 68 69 70 71 72 73 74 75 76 77 78 79 80 81 82 83 84 85 86 87 88 89 90 91
Err= 0.000992553 	Iter = 92 
PSNR= 22.006 	SSIM= 0.779177 
patch = 16 	mask_ratio = 0.01 
  1  2  3  4  5  6  7  8  9 10 11 12 13 14 15 16 17 18 19 20 21 22 23 24 25 26 27 28 29 30 31 32
Err= 0.000994753 	Iter = 33 
PSNR= 35.1384 	SSIM= 0.972479 
patch = 16 	mask_ratio = 0.03 
  1  2  3  4  5  6  7  8  9 10 11 12 13 14 15 16 17 18 19 20 21 22 23 24 25 26 27 28 29 30 31 32 33 34 35 36 37 38 39 40 41 42 43 44 45 46 47 48 49 50 51 52 53
Err= 0.000986955 	Iter = 54 
PSNR= 27.8322 	SSIM= 0.911682 
patch = 16 	mask_ratio = 0.04 
  1  2  3  4  5  6  7  8  9 10 11 12 13 14 15 16 17 18 19 20 21 22 23 24 25 26 27 28 29 30 31 32 33 34 35 36 37 38 39 40 41 42 43 44 45 46 47 48 49 50 51 52 53 54 55 56 57 58 59 60 61 62 63 64 65 66 67 68 69 70 71 72 73 74 75 76 77 78 79
Err= 0.000998794 	Iter = 80 
PSNR= 23.7641 	SSIM= 0.829461 
patch = 16 	mask_ratio = 0.05 
  1  2  3  4  5  6  7  8  9 10 11 12 13 14 15 16 17 18 19 20 21 22 23 24 25 26 27 28 29 30 31 32 33 34 35 36 37 38 39 40 41 42 43 44 45 46 47 48 49 50 51 52 53 54 55 56 57 58 59 60 61 62 63 64 65 66 67 68 69 70 71 72 73 74 75 76 77 78 79 80 81
Err= 0.000988846 	Iter = 82 
PSNR= 25.3473 	SSIM= 0.859901 
patch = 16 	mask_ratio = 0.06 
  1  2  3  4  5  6  7  8  9 10 11 12 13 14 15 16 17 18 19 20 21 22 23 24 25 26 27 28 29 30 31 32 33 34 35 36 37 38 39 40 41 42 43 44 45 46 47 48 49 50 51 52 53 54 55 56 57 58 59 60 61 62 63 64 65 66 67 68 69 70 71 72 73 74 75 76 77 78 79 80
Err= 0.00099771 	Iter = 81 
PSNR= 22.1474 	SSIM= 0.72887 
patch = 16 	mask_ratio = 0.07 
  1  2  3  4  5  6  7  8  9 10 11 12 13 14 15 16 17 18 19 20 21 22 23 24 25 26 27 28 29 30 31 32 33 34 35 36 37 38 39 40 41 42 43 44 45 46 47 48 49 50 51 52 53 54 55 56 57 58 59 60 61 62 63 64 65 66 67 68 69 70 71 72 73 74 75 76 77 78 79 80 81 82 83 84 85 86 87 88 89 90 91 92 93 94 95 96 97 98 99
Abort, Err= 0.00101097 	Iter = 100 
PSNR= 19.0343 	SSIM= 0.688739 
patch = 24 	mask_ratio = 0.01 
  1  2  3  4  5  6  7  8  9 10 11 12 13 14 15 16 17 18 19 20 21 22 23 24 25 26 27 28 29 30 31 32 33 34 35 36 37 38 39 40 41 42 43 44 45 46 47 48 49 50 51 52 53 54
Err= 0.000987482 	Iter = 55 
PSNR= 31.5951 	SSIM= 0.960424 
patch = 24 	mask_ratio = 0.03 
  1  2  3  4  5  6  7  8  9 10 11 12 13 14 15 16 17 18 19 20 21 22 23 24 25 26 27 28 29 30 31 32 33 34 35 36 37 38 39 40 41 42 43 44 45 46 47 48 49 50 51 52 53 54 55 56 57 58 59
Err= 0.000962108 	Iter = 60 
PSNR= 28.471 	SSIM= 0.920449 
patch = 24 	mask_ratio = 0.04 
  1  2  3  4  5  6  7  8  9 10 11 12 13 14 15 16 17 18 19 20 21 22 23 24 25 26 27 28 29 30 31 32 33 34 35 36 37 38 39 40 41 42 43 44 45 46 47 48 49 50 51 52 53 54 55 56 57 58 59 60 61 62 63 64 65 66 67 68 69 70
Err= 0.000991938 	Iter = 71 
PSNR= 22.7439 	SSIM= 0.856725 
patch = 24 	mask_ratio = 0.05 
  1  2  3  4  5  6  7  8  9 10 11 12 13 14 15 16 17 18 19 20 21 22 23 24 25 26 27 28 29 30 31 32 33 34 35 36 37 38 39 40 41 42 43 44 45 46 47 48 49 50 51 52 53 54 55 56 57 58 59 60 61 62 63 64 65 66 67 68 69 70 71 72 73 74 75
Err= 0.000958636 	Iter = 76 
PSNR= 23.1155 	SSIM= 0.832855 
patch = 24 	mask_ratio = 0.06 
  1  2  3  4  5  6  7  8  9 10 11 12 13 14 15 16 17 18 19 20 21 22 23 24 25 26 27 28 29 30 31 32 33 34 35 36 37 38 39 40 41 42 43 44 45 46 47 48 49 50 51 52 53 54 55 56 57 58 59 60 61 62 63 64 65 66 67 68 69 70 71 72 73 74
Err= 0.000998112 	Iter = 75 
PSNR= 22.6633 	SSIM= 0.827497 
patch = 24 	mask_ratio = 0.07 
  1  2  3  4  5  6  7  8  9 10 11 12 13 14 15 16 17 18 19 20 21 22 23 24 25 26 27 28 29 30 31 32 33 34 35 36 37 38 39 40 41 42 43 44 45 46 47 48 49 50 51 52 53 54 55 56 57 58 59 60 61 62 63 64 65 66 67 68 69 70 71 72 73 74 75 76 77 78 79 80 81 82 83 84 85 86 87 88 89 90 91 92 93 94 95 96
Err= 0.000974123 	Iter = 97 
PSNR= 19.9858 	SSIM= 0.735212 
patch = 32 	mask_ratio = 0.01 
  1  2  3  4  5  6  7  8  9 10 11 12 13 14 15 16 17 18 19 20 21 22 23 24 25 26 27 28 29 30 31 32 33 34
Err= 0.000987374 	Iter = 35 
PSNR= 31.9606 	SSIM= 0.958799 
patch = 32 	mask_ratio = 0.03 
  1  2  3  4  5  6  7  8  9 10 11 12 13 14 15 16 17 18 19 20 21 22 23 24 25 26 27 28 29 30 31 32 33 34 35 36 37 38 39 40 41 42 43 44 45 46 47 48 49 50 51 52 53 54 55 56 57 58 59 60 61 62 63 64 65 66
Err= 0.000985849 	Iter = 67 
PSNR= 24.1476 	SSIM= 0.885339 
patch = 32 	mask_ratio = 0.04 
  1  2  3  4  5  6  7  8  9 10 11 12 13 14 15 16 17 18 19 20 21 22 23 24 25 26 27 28 29 30 31 32 33 34 35 36 37 38 39 40 41 42 43 44 45 46 47 48 49 50 51 52 53 54 55 56 57 58
Err= 0.000999861 	Iter = 59 
PSNR= 25.6392 	SSIM= 0.901388 
patch = 32 	mask_ratio = 0.05 
  1  2  3  4  5  6  7  8  9 10 11 12 13 14 15 16 17 18 19 20 21 22 23 24 25 26 27 28 29 30 31 32 33 34 35 36 37 38 39 40 41 42 43 44 45 46 47 48 49 50 51 52 53 54 55 56 57 58 59 60 61 62 63 64 65 66 67 68 69 70 71 72 73 74 75 76 77 78 79 80 81 82 83 84 85 86 87 88
Err= 0.000986031 	Iter = 89 
PSNR= 21.0926 	SSIM= 0.785422 
patch = 32 	mask_ratio = 0.06 
  1  2  3  4  5  6  7  8  9 10 11 12 13 14 15 16 17 18 19 20 21 22 23 24 25 26 27 28 29 30 31 32 33 34 35 36 37 38 39 40 41 42 43 44 45 46 47 48 49 50 51 52 53 54 55 56 57 58 59 60 61 62 63 64 65 66 67 68 69 70 71 72 73 74 75 76 77 78 79 80 81 82
Err= 0.000979697 	Iter = 83 
PSNR= 20.6907 	SSIM= 0.754025 
patch = 32 	mask_ratio = 0.07 
  1  2  3  4  5  6  7  8  9 10 11 12 13 14 15 16 17 18 19 20 21 22 23 24 25 26 27 28 29 30 31 32 33 34 35 36 37 38 39 40 41 42 43 44 45 46 47 48 49 50 51 52 53 54 55 56 57 58 59 60 61 62 63 64 65 66 67 68 69 70 71 72 73 74 75 76 77 78 79 80 81 82 83 84 85 86 87 88 89 90 91 92 93 94 95 96 97 98 99
Abort, Err= 0.000975657 	Iter = 100 
PSNR= 18.8966 	SSIM= 0.719826 